501
503
518
521
512
512
504
496
486
480
476
471
471
467
464
459
457
456
463
458
452
449
454
457
461
458
465
464
471
476
468
465
463
462
465
470
470
470
476
470
475
471
471
473
469
468
473
471
466
462
464
462
466
471
467
465
468
473
476
468
463
470
464
456
456
457
453
454
453
452
452
451
456
456
457
462
468
466
464
459
456
454
457
460
458
461
464
463
461
460
454
452
447
444
444
450
453
453
450
443
440
439
439
438
440
440
442
444
444
442
443
438
457
457
459
460
463
466
462
458
460
459
459
462
455
454
456
454
450
453
445
451
454
454
453
454
456
457
454
454
449
447
448
450
453
455
453
452
451
449
449
446
444
441
445
445
443
447
450
446
444
442
438
445
447
442
437
439
437
437
434
432
434
433
432
436
437
433
432
427
425
431
436
437
443
438
442
441
441
439
437
439
440
433
435
434
433
436
432
430
429
428
428
427
431
436
438
442
442
444
444
444
439
438
436
432
431
435
436
437
430
428
431
432
432
432
424
419
419
429
431
430
435
425
422
417
416
425
431
422
427
431
434
434
428
430
427
427
427
428
429
433
431
426
428
424
421
427
425
428
426
430
439
429
434
431
435
440
436
434
431
432
433
435
430
429
432
430
429
431
430
429
431
434
434
427
423
426
427
426
427
427
423
419
422
423
424
421
421
420
423
423
422
427
425
428
424
427
425
430
426
425
423
428
429
429
424
425
435
436
431
428
429
423
421
423
425
429
433
427
423
423
428
430
431
424
422
420
425
426
426
425
424
430
438
439
428
427
428
427
420
423
420
418
417
416
419
417
417
419
421
417
417
416
414
419
425
423
421
422
422
423
422
419
413
411
409
413
415
419
418
423
422
421
422
423
423
429
426
423
422
422
409
411
412
414
421
420
415
415
414
412
416
411
408
414
413
411
411
413
416
421
418
422
423
416
412
410
411
420
422
426
421
428
429
430
425
419
424
423
422
422
421
420
421
426
418
415
418
417
414
412
411
413
419
418
416
417
417
419
418
419
417
422
422
422
419
419
419
420
421
414
414
410
405
401
403
407
407
407
411
411
412
407
407
413
412
414
407
405
401
405
409
406
409
407
409
412
413
414
413
416
415
405
406
409
411
417
418
426
423
421
422
417
413
415
415
412
411
409
409
409
413
409
411
411
411
410
402
400
403
408
408
408
407
406
411
410
402
403
405
406
407
402
403
406
403
402
407
405
404
404
402
405
408
410
411
409
404
402
408
405
402
402
402
405
406
403
406
405
407
403
404
408
408
405
404
408
410
411
411
407
406
404
407
406
402
400
399
402
399
399
399
401
400
400
403
402
404
400
399
399
399
401
408
406
403
401
401
402
405
404
404
401
404
402
399
405
402
401
401
401
399
402
403
399
399
399
400
401
401
402
405
401
399
403
403
413
414
407
406
405
404
408
406
410
410
412
407
399
399
399
399
399
405
405
399
399
401
401
399
399
399
399
399
399
399
407
402
399
402
401
399
399
399
399
399
399
399
399
399
400
402
407
412
412
404
403
402
405
399
399
399
399
399
399
399
399
407
411
412
408
408
400
399
399
399
399
399
399
399
399
399
399
399
399
399
399
399
399
399
399
399
399
399
399
399
399
399
399
399
399
399
399
399
399
399
399
399
399
399
399
399
399
399
402
403
399
399
399
399
399
399
399
399
399
399
402
400
399
399
399
399
399
399
399
399
399
399
399
399
399
399
399
399
399
399
399
399
399
399
399
399
399
399
399
399
399
399
399
399
399
399
399
399
399
399
399
399
399
399
399
399
399
399
399
399
399
399
399
399
399
399
399
399
399
399
399
399
399
399
399
399
399
399
399
399
399
399
399
399
399
399
399
399
399
399
399
399
399
399
399
399
399
399
399
399
399
399
399
399
399
399
399
399
399
399
399
399
399
399
399
399
399
399
399
399
399
399
399
399
399
399
399
399
399
399
399
399
399
399
399
399
399
399
399
399
399
399
399
399
399
399
399
399
399
399
399
399
399
399
399
399
399
399
399
399
399
399
399
399
399
399
399
399
399
399
399
399
399
399
399
399
399
399
399
399
399
399
399
399
399
399
399
399
399
399
399
399
399
399
399
399
399
399
399
399
399
399
399
399
399
399
399
399
399
399
399
399
399
399
399
399
399
399
399
399
399
399
399
399
399
399
399
399
399
399
399
399
399
399
399
399
399
399
399
399
399
399
399
399
399
399
399
399
399
399
399
399
399
399
399
399
399
399
399
399
399
399
399
399
399
399
399
399
399
399
399
399
399
399
399
399
399
399
399
399
399
399
399
399
399
399
399
399
399
399
399
399
399
399
399
399
399
399
399
399
399
399
399
399
399
399
399
399
399
399
399
399
399
399
399
399
399
399
399
399
399
399
399
399
399
399
399
399
399
399
399
399
399
399
399
399
399
399
399
399
399
399
399
399
399
399
399
399
399
399
399
399
399
399
399
399
399
399
399
399
399
399
399
399
399
399
399
399
399
399
399
399
399
399
399
399
399
399
399
399
399
399
399
399
399
399
399
399
399
399
399
399
399
399
399
399
399
399
399
399
399
399
399
399
399
399
399
399
399
399
399
399
399
399
399
399
399
399
399
399
399
399
399
399
399
399
399
399
399
399
399
399
399
399
399
399
399
399
399
399
399
399
399
399
399
399
399
399
399
399
399
399
399
399
399
399
399
399
399
399
399
399
399
399
399
399
399
399
399
399
399
399
399
399
399
399
399
399
399
399
399
399
399
399
399
399
399
399
399
399
399
399
399
399
399
399
399
399
399
399
399
399
399
399
399
399
399
399
399
399
399
399
399
399
399
399
399
399
399
399
399
399
399
399
399
399
399
399
399
399
399
399
399
399
399
399
399
399
399
399
399
399
399
399
399
399
399
399
399
399
399
399
399
399
399
399
399
399
399
399
399
399
399
399
399
399
399
399
399
399
399
399
399
399
399
399
399
399
399
399
399
399
399
399
399
399
399
399
399
399
399
399
399
399
399
399
399
399
399
399
399
399
399
399
399
399
399
399
399
399
399
399
399
399
399
399
399
399
399
399
399
399
399
399
399
399
399
399
399
399
399
399
399
399
399
399
399
399
399
399
399
399
399
399
399
399
399
399
399
399
399
399
399
399
399
399
399
399
399
399
399
399
399
399
399
399
399
399
399
399
399
399
399
399
399
399
399
399
399
399
399
399
399
399
399
399
399
399
399
399
399
399
399
399
399
399
399
399
399
399
399
399
399
399
399
399
399
399
399
399
399
399
399
399
399
399
399
399
399
399
399
399
399
399
399
399
399
399
399
399
399
399
399
399
399
399
399
399
399
399
399
399
399
399
399
399
399
399
399
399
399
399
399
399
399
399
399
399
399
399
399
399
399
399
399
399
399
399
399
399
399
399
399
399
399
399
399
399
399
399
399
399
399
399
399
399
399
399
399
399
399
399
399
399
399
399
399
399
399
399
399
399
399
399
399
399
399
399
399
399
399
399
399
399
399
399
399
399
399
399
399
399
399
399
399
399
399
399
399
399
399
399
399
399
399
399
399
399
399
399
399
399
399
399
399
399
399
399
399
399
399
399
399
399
399
399
399
399
399
399
399
399
399
399
399
399
399
399
399
399
399
399
399
399
399
399
399
399
399
399
399
399
399
399
399
399
399
399
399
399
399
399
399
399
399
399
399
399
399
399
399
399
399
399
399
399
399
399
399
399
399
399
399
399
399
399
399
399
399
399
399
399
399
399
399
399
399
399
399
399
399
399
399
399
399
399
399
399
399
399
399
399
399
399
399
399
399
399
399
399
399
399
399
399
399
399
399
399
399
399
399
399
399
399
399
399
399
399
399
399
399
399
399
399
399
399
399
399
399
399
399
399
399
399
399
399
399
399
399
399
399
399
399
399
399
399
399
399
399
399
399
399
399
399
399
399
399
399
399
399
399
399
399
399
399
399
399
400
404
405
403
407
407
406
407
409
412
412
408
413
416
423
421
424
425
422
420
422
419
417
415
413
412
411
413
407
412
418
421
423
427
428
429
431
432
435
430
429
432
436
437
435
436
437
431
436
438
438
440
441
433
436
433
428
431
429
434
435
431
432
429
432
431
431
431
432
436
440
439
433
434
434
436
441
442
443
440
440
441
444
447
444
444
446
442
440
445
451
457
453
454
454
451
448
453
458
450
442
440
444
444
447
442
441
443
447
449
448
453
448
448
446
453
452
445
447
441
441
447
444
448
445
450
452
454
455
448
449
453
447
449
452
450
451
452
449
451
453
458
456
456
457
454
451
456
460
461
463
462
464
456
459
462
468
466
467
464
465
466
471
478
475
471
468
469
462
455
457
457
457
461
459
462
460
463
462
466
460
452
459
458
465
465
456
455
461
457
449
452
456
443
453
455
452
460
459
463
460
467
470
466
466
466
469
469
476
472
469
471
467
468
468
466
472
468
470
470
470
471
472
470
465
469
474
474
478
477
472
467
454
452
456
452
450
446
446
443
442
443
446
450
452
458
459
454
454
453
452
455
454
449
455
453
449
453
454
453
456
455
458
460
457
458
452
450
447
447
452
459
462
463
468
464
459
456
458
456
456
459
459
456
465
468
466
466
465
466
462
458
455
454
451
452
458
458
456
454
452
455
459
460
463
463
465
464
464
465
467
459
457
459
463
463
462
461
462
460
464
461
459
464
465
460
454
452
453
454
461
465
471
471
470
465
463
458
455
460
465
464
468
469
466
466
460
461
467
461
461
465
468
471
470
466
467
466
468
465
464
462
461
459
461
461
458
462
465
466
465
466
471
467
467
468
457
456
460
464
464
470
469
475
466
466
471
467
471
472
473
472
469
466
464
468
464
463
464
465
465
465
462
469
460
457
459
462
463
461
457
463
461
464
465
461
461
460
462
471
476
475
474
476
472
468
466
457
457
449
451
459
464
465
472
466
466
463
466
471
463
455
458
462
458
454
457
459
468
470
465
462
458
459
458
454
456
457
461
458
459
457
461
462
461
466
463
460
464
466
462
458
458
466
469
466
471
473
474
473
474
474
470
474
474
468
472
471
472
470
470
467
466
470
476
471
467
474
477
480
485
485
488
485
481
476
479
481
485
484
482
484
486
480
474
473
471
480
478
484
486
489
489
486
487
480
479
479
478
481
475
475
477
480
477
478
476
473
475
472
470
477
475
471
468
472
470
473
474
476
469
467
467
467
463
461
464
468
474
471
470
472
470
469
472
474
472
472
473
470
470
468
466
466
469
470
469
470
473
476
470
470
469
473
475
473
471
475
472
471
472
474
473
478
479
477
476
477
473
473
479
484
487
486
483
485
485
489
485
484
475
478
478
676
675
668
('bytearray index out of range',)
669
