510
510
526
526
510
526
510
526
526
541
526
541
541
541
556
541
556
541
556
541
556
541
541
541
541
556
541
541
556
556
541
541
541
556
556
556
556
541
556
541
556
556
556
556
556
556
556
572
556
556
572
572
572
572
556
572
572
572
556
572
556
556
572
556
572
572
572
572
572
572
556
556
572
556
572
572
572
572
572
572
587
572
572
572
572
572
572
587
572
587
587
587
587
572
587
587
602
587
602
602
587
587
725
725
710
710
710
694
694
694
710
710
710
710
740
771
817
878
587
572
572
587
587
587
587
602
587
587
587
587
587
587
587
587
587
587
587
587
587
587
587
587
587
587
602
587
587
587
587
602
602
587
602
602
587
602
602
602
602
602
602
602
602
602
602
587
602
602
602
602
602
618
602
602
602
618
618
602
602
602
618
602
618
618
618
618
618
618
618
633
618
618
633
618
633
633
633
618
618
618
618
633
633
633
633
633
618
618
633
633
633
618
633
633
618
633
618
633
633
633
633
648
633
633
633
648
648
648
648
648
648
648
648
648
648
664
664
664
679
679
679
679
679
679
679
679
679
679
694
679
694
694
679
694
679
694
679
694
694
817
817
817
817
817
801
832
817
832
832
847
863
893
955
1031
679
694
679
679
679
679
694
694
679
694
694
679
694
694
694
694
694
694
694
694
694
694
694
694
694
710
694
694
694
679
694
679
679
679
694
694
710
694
694
694
694
694
694
694
694
710
710
710
710
710
710
710
710
710
725
725
710
725
710
725
710
725
710
725
710
710
710
725
725
725
725
725
725
725
725
740
725
725
740
725
725
740
740
725
725
740
740
725
725
740
725
725
725
725
710
725
725
725
710
710
725
725
725
725
725
725
725
740
725
725
725
725
710
725
710
725
725
725
740
740
725
740
740
725
740
740
740
740
740
740
740
740
740
755
755
755
740
893
893
893
893
893
893
893
878
893
909
909
924
939
985
1031
1138
740
740
725
740
725
740
725
740
740
725
725
725
740
755
740
740
740
740
755
740
740
740
755
755
740
755
740
740
740
740
740
755
755
755
755
755
740
755
755
755
755
771
755
755
755
755
740
755
755
771
771
755
755
755
755
771
771
755
755
771
771
771
771
771
771
786
771
771
771
771
771
771
755
771
771
771
771
786
771
771
786
771
771
771
786
801
786
786
786
786
786
786
801
786
801
786
801
786
786
786
786
786
801
786
801
801
786
786
786
786
801
801
786
801
801
801
801
801
786
801
801
801
786
801
786
786
801
801
786
