403
403
403
403
403
403
403
403
403
403
403
403
403
403
403
403
403
403
403
403
403
403
403
403
403
403
403
403
403
403
419
403
403
403
403
403
403
403
403
403
403
403
403
403
403
403
419
403
403
403
403
419
419
403
403
403
403
403
403
403
419
403
403
403
403
419
403
403
403
403
403
403
403
403
403
403
403
419
403
403
419
419
403
403
403
403
403
403
403
403
403
403
419
403
403
403
403
403
403
403
510
510
510
510
526
526
526
510
526
526
526
541
556
572
602
664
403
403
403
403
403
403
403
403
403
403
403
419
403
403
403
403
403
403
403
403
403
403
403
403
419
419
403
403
403
419
403
419
403
403
403
403
403
403
403
403
403
403
403
403
419
403
403
419
403
419
403
403
403
403
403
403
403
419
403
403
403
403
403
419
403
403
403
419
403
403
403
403
403
403
403
403
403
403
403
403
403
419
403
403
403
403
403
403
403
403
403
419
403
403
403
419
403
403
419
403
403
403
403
403
403
403
419
403
403
403
403
403
403
403
403
403
403
403
403
419
403
419
403
403
403
403
419
403
403
403
419
403
403
403
403
403
403
403
403
403
403
403
403
403
403
403
403
403
510
526
510
510
510
526
510
526
526
510
526
541
556
572
587
648
740
403
403
403
403
403
403
403
403
403
403
419
419
403
403
419
403
403
419
403
403
403
403
403
403
403
403
403
403
403
403
403
403
403
419
403
403
403
403
403
403
403
403
403
419
403
403
403
403
403
403
403
403
403
419
419
403
403
403
419
419
419
403
419
403
403
403
403
403
403
403
403
403
403
403
403
403
419
403
403
403
403
388
388
403
403
403
403
403
419
403
403
403
403
403
403
403
403
403
403
403
403
403
403
403
403
403
419
403
403
403
403
419
403
403
419
403
403
419
403
403
403
403
403
403
419
403
403
419
403
403
419
403
419
403
419
403
403
403
403
403
403
403
403
419
419
403
419
403
419
526
526
526
510
526
510
510
510
510
526
526
526
541
556
587
633
710
403
403
403
403
403
403
403
419
403
403
403
419
403
403
403
403
403
403
403
419
403
403
403
403
403
419
403
403
403
403
403
403
403
403
403
403
419
403
403
403
403
403
419
403
403
403
403
419
403
403
403
403
403
403
419
403
403
403
403
419
403
403
403
403
403
403
403
419
403
403
403
403
403
403
403
403
403
403
419
403
403
403
403
403
403
403
419
419
403
419
403
403
403
419
403
403
403
403
403
403
403
419
403
403
403
403
403
403
403
403
419
403
403
403
403
419
403
403
403
403
403
403
403
403
403
403
403
403
403
419
403
403
403
403
403
403
419
403
403
403
419
419
403
419
403
403
403
419
526
510
510
526
526
510
510
526
510
526
526
541
556
556
587
633
694
419
403
419
403
419
403
403
403
403
403
403
419
403
403
403
403
403
403
403
419
419
419
419
403
419
403
403
403
403
403
403
403
403
419
403
403
403
403
403
403
403
403
403
403
403
403
403
403
403
403
403
403
403
403
419
403
403
403
403
403
403
403
403
403
403
403
403
403
403
403
403
403
403
403
403
403
403
403
403
403
403
403
403
403
403
403
403
403
419
403
403
403
403
403
403
403
403
419
403
403
403
403
403
403
403
403
403
403
403
403
403
403
419
403
403
403
403
403
403
403
403
403
403
403
403
403
419
403
403
403
403
403
403
403
403
403
403
403
403
403
403
403
403
403
419
403
403
403
510
526
526
526
510
526
526
526
526
510
526
541
556
587
602
679
403
403
403
403
403
403
403
403
419
403
403
403
403
403
403
419
403
388
403
403
403
403
403
403
403
403
403
403
403
403
403
419
403
403
403
403
403
403
403
403
403
403
419
403
403
403
403
403
388
403
388
403
403
403
403
403
403
403
403
403
388
403
403
403
403
403
403
403
403
403
403
403
403
403
403
403
403
403
403
403
403
403
419
403
403
403
403
403
403
403
403
403
403
419
403
403
403
403
419
403
403
419
419
419
419
403
419
419
403
403
419
403
403
403
403
419
419
403
419
419
403
419
419
419
434
419
434
419
434
419
434
434
434
434
434
434
434
434
434
434
434
449
434
434
434
434
434
556
556
541
556
556
556
526
556
556
556
572
587
602
633
694
771
449
449
449
449
449
449
449
449
449
434
449
449
449
449
449
449
449
449
449
449
449
449
449
449
449
449
449
449
449
449
449
434
449
449
449
449
449
449
449
449
449
449
449
449
449
449
449
449
449
449
464
449
449
449
449
449
449
449
449
434
449
449
464
464
449
464
449
464
464
464
449
464
464
464
480
464
464
464
464
464
464
464
464
464
464
464
464
480
480
480
480
464
480
464
480
464
480
480
480
480
480
480
480
464
480
480
480
480
480
480
495
495
480
495
495
495
495
480
495
480
495
495
495
495
495
495
495
495
510
495
495
510
510
495
510
510
510
510
510
510
510
495
510
495
633
633
633
633
618
618
633
633
648
648
648
648
664
694
725
771
863
495
495
495
510
495
510
510
510
510
510
510
526
526
526
526
526
510
510
510
510
510
526
526
495
526
526
510
526
510
526
510
526
510
526
526
526
510
526
510
510
526
