719
723
718
719
711
700
700
696
692
683
681
677
677
673
677
669
675
674
671
674
678
678
678
677
679
684
681
685
676
676
681
684
680
676
674
673
669
673
670
661
664
664
661
665
662
668
667
663
667
672
671
665
669
667
663
661
657
660
655
651
645
646
652
648
653
645
648
649
649
649
652
646
644
646
672
673
670
662
664
666
668
671
668
664
665
663
661
661
663
661
658
659
658
661
660
660
662
658
662
661
663
671
668
667
664
652
654
647
649
645
646
648
655
651
649
651
654
650
651
649
646
644
646
650
649
652
653
648
648
641
642
646
645
644
641
650
649
643
639
635
632
631
627
628
627
635
642
644
643
638
633
632
630
627
621
623
629
631
633
635
636
632
632
636
638
635
632
638
633
631
632
628
625
631
639
629
630
635
629
625
629
626
624
622
617
618
617
617
621
622
622
620
621
621
618
622
619
621
616
620
622
620
619
614
616
616
614
620
616
617
612
613
623
624
627
629
629
625
617
617
612
614
613
615
618
623
625
624
622
623
625
625
621
604
607
614
614
605
602
605
606
607
603
601
601
605
609
607
610
615
619
620
617
612
610
611
617
615
617
615
613
607
604
603
606
604
604
607
610
612
619
618
615
616
608
605
606
606
606
606
604
598
601
609
605
605
608
606
607
611
613
605
602
601
604
604
603
606
609
610
609
613
612
612
610
615
614
606
609
603
606
600
594
596
602
603
601
598
598
601
604
605
606
597
598
594
598
593
589
583
590
598
597
598
597
597
590
589
588
591
600
597
594
600
600
599
596
597
596
598
599
599
597
603
604
604
605
601
605
600
592
596
606
608
599
594
594
600
594
588
590
594
599
600
603
598
592
595
591
592
589
587
586
586
584
583
586
578
581
587
596
586
591
596
593
587
593
596
587
581
582
582
583
583
583
585
587
585
583
580
576
578
569
563
561
555
551
549
542
542
537
539
537
533
531
530
538
545
547
547
543
538
535
542
543
535
542
546
556
562
561
558
555
557
558
556
554
549
548
548
550
548
557
559
554
556
554
553
552
557
556
553
553
557
559
556
556
562
558
555
554
550
547
552
552
558
556
559
560
551
554
554
550
546
549
554
558
556
555
554
549
541
544
538
541
541
533
536
538
537
539
540
541
546
543
542
546
548
544
541
541
546
544
547
556
552
551
552
553
555
556
552
550
542
542
539
538
544
541
545
545
545
546
544
549
547
546
546
547
550
550
542
538
545
543
545
546
553
552
548
553
549
553
548
544
547
544
540
537
534
534
532
532
530
536
542
536
539
542
538
528
535
535
531
535
542
545
541
539
532
524
528
522
521
522
530
536
533
532
532
538
541
540
540
540
542
544
538
535
531
529
532
537
532
528
530
532
534
539
535
537
541
542
539
535
536
535
533
538
535
535
536
537
535
529
530
531
529
528
528
527
524
522
522
519
521
524
532
527
528
527
525
522
517
521
527
529
527
528
528
528
530
527
525
527
528
525
526
529
527
529
525
522
528
535
539
537
541
536
534
531
527
520
525
523
525
525
526
525
520
519
524
531
531
526
527
529
533
533
534
536
532
530
529
532
524
521
519
513
513
507
508
505
505
510
512
518
514
515
516
517
509
515
516
514
514
514
511
510
514
512
510
510
516
515
515
515
510
510
512
514
516
519
513
510
507
508
507
510
506
508
517
515
514
507
498
507
512
514
515
515
511
505
504
508
512
517
518
518
514
511
508
501
507
504
502
502
504
509
510
509
513
513
514
512
514
512
510
508
504
504
507
509
514
512
505
506
504
503
503
503
502
500
495
485
485
487
484
488
486
491
496
497
499
494
496
493
490
494
497
498
497
497
495
495
495
490
491
493
492
494
495
498
497
498
502
498
493
498
498
497
494
494
494
490
496
496
494
500
497
495
497
502
498
499
491
492
492
493
491
492
498
497
493
486
486
488
486
490
494
490
493
489
489
488
483
485
487
484
481
484
489
493
488
487
487
486
489
486
489
488
486
485
486
492
487
490
490
490
489
492
492
497
496
496
492
488
480
480
476
476
476
476
478
472
473
476
479
482
486
488
484
476
475
476
478
480
480
483
493
491
498
488
490
489
482
480
477
476
478
471
476
475
481
483
479
476
485
482
484
486
492
491
481
483
476
467
463
469
474
474
475
480
483
481
478
472
459
466
473
476
467
467
479
478
478
481
484
483
480
481
479
475
472
475
482
485
478
470
465
467
471
475
475
475
478
475
468
472
468
463
467
473
470
476
468
466
461
455
454
454
460
458
464
460
459
464
465
460
459
453
459
463
466
469
464
460
461
461
464
460
451
452
460
464
468
472
465
462
462
458
454
453
452
458
462
466
469
465
468
470
469
459
458
456
459
461
460
459
460
466
465
471
468
470
468
468
465
458
458
460
462
463
465
466
468
460
464
462
464
462
457
453
454
456
455
447
445
447
448
448
448
446
454
455
458
458
460
458
457
450
452
450
449
447
449
447
448
451
449
451
451
449
451
451
451
449
454
455
456
445
443
451
455
454
456
452
450
449
448
442
439
437
434
443
443
442
443
443
440
444
446
451
447
444
448
446
446
446
448
448
446
449
450
440
438
440
438
441
443
437
435
433
434
441
443
447
448
442
442
436
440
443
444
442
441
441
444
441
439
438
437
436
436
440
438
431
428
429
431
431
434
436
435
434
432
430
435
436
431
436
431
432
435
437
435
433
429
435
439
439
437
433
436
437
435
441
435
425
449
455
455
452
453
454
456
458
459
450
454
457
458
460
456
453
453
454
458
459
451
454
449
449
449
454
458
457
452
449
451
459
464
458
455
452
449
455
451
451
451
454
461
459
451
449
453
458
458
456
462
463
463
458
459
460
453
442
439
441
448
448
445
448
449
452
447
448
444
447
446
447
449
453
455
449
446
446
453
455
454
454
455
453
458
458
455
454
450
447
447
452
453
455
454
457
457
452
448
438
440
444
447
445
447
451
460
466
463
460
456
455
456
455
446
445
446
448
446
447
452
454
451
452
449
452
452
452
448
448
448
448
443
446
443
450
454
452
450
452
446
438
437
437
438
432
434
431
432
436
435
437
437
438
439
438
445
447
450
451
446
441
433
432
439
442
443
441
445
443
445
444
442
439
441
441
446
447
445
447
444
443
437
438
438
433
433
434
437
443
445
442
437
432
436
438
434
430
426
428
431
434
437
435
434
430
428
427
434
434
433
432
435
435
436
436
437
434
434
436
435
435
440
437
440
442
436
443
440
438
437
436
440
440
434
429
433
430
433
427
432
435
440
440
439
437
433
425
427
432
435
435
432
435
438
433
429
429
435
434
433
440
439
436
432
425
427
429
428
430
422
421
428
424
425
427
430
435
434
430
425
424
425
431
432
433
430
431
428
428
423
424
424
421
424
418
412
414
411
406
410
416
417
418
419
422
424
421
423
422
421
424
425
418
412
414
413
415
417
419
422
433
433
430
427
415
416
417
415
415
419
418
419
420
419
415
416
417
421
422
417
413
412
411
411
409
412
411
411
415
418
419
412
417
421
424
417
411
416
415
419
417
415
413
413
410
405
406
408
407
409
410
409
406
409
411
412
410
413
419
419
416
413
413
412
411
417
414
415
416
419
416
416
413
409
409
411
410
412
402
399
405
406
413
421
421
420
421
416
417
416
418
417
415
418
406
403
405
406
408
407
412
409
401
406
408
408
407
407
404
399
399
404
407
408
405
407
409
409
408
409
409
407
399
401
403
408
413
418
421
419
419
422
415
414
418
421
419
415
418
420
416
415
409
404
400
399
399
399
399
401
404
401
403
400
402
403
399
399
399
403
400
409
410
410
410
410
408
402
402
399
401
402
407
404
413
416
413
409
414
416
410
408
407
408
406
410
404
405
402
403
408
409
412
410
410
403
399
403
405
406
403
403
408
409
410
412
407
406
409
407
403
399
401
404
403
401
399
399
399
400
401
400
400
407
404
405
410
408
411
410
412
409
402
400
399
399
399
399
399
399
399
399
399
403
399
399
404
404
399
400
406
404
402
399
399
399
399
399
399
401
402
400
399
404
400
399
399
399
399
399
400
401
399
399
400
399
399
399
399
399
399
399
399
404
404
399
399
399
399
399
399
401
399
399
399
399
399
399
399
399
399
399
399
399
399
399
399
399
399
399
399
399
399
399
399
399
402
404
403
399
399
399
401
406
403
403
399
399
399
399
399
399
399
399
399
399
399
399
399
399
399
399
399
399
399
399
399
399
399
399
399
399
399
399
399
399
399
399
399
399
399
399
399
399
399
399
399
399
399
399
399
399
399
399
399
399
399
399
399
399
399
399
399
399
399
399
399
399
399
399
399
399
399
399
399
399
399
399
399
399
399
399
401
399
399
399
399
399
399
399
399
399
399
403
399
404
401
399
399
399
399
399
399
399
399
399
399
399
399
399
399
399
399
400
399
400
403
399
399
399
404
409
410
406
404
405
402
402
400
400
399
399
399
400
401
405
401
400
400
399
399
399
400
399
399
399
399
399
400
399
399
399
399
402
408
402
403
406
403
399
399
399
399
399
399
399
399
402
402
405
407
405
409
409
414
411
409
411
407
405
412
411
406
405
406
406
399
400
407
412
410
402
399
399
399
399
401
405
405
409
408
416
411
414
409
407
('bytearray index out of range',)
400
('bytearray index out of range',)
407
416
423
422
('bytearray index out of range',)
('bytearray index out of range',)
435
448
('bytearray index out of range',)
('bytearray index out of range',)
465
('bytearray index out of range',)
('bytearray index out of range',)
('bytearray index out of range',)
('bytearray index out of range',)
('bytearray index out of range',)
('bytearray index out of range',)
('bytearray index out of range',)
('bytearray index out of range',)
('bytearray index out of range',)
('bytearray index out of range',)
('bytearray index out of range',)
('bytearray index out of range',)
('bytearray index out of range',)
('bytearray index out of range',)
('bytearray index out of range',)
('bytearray index out of range',)
('bytearray index out of range',)
('bytearray index out of range',)
('bytearray index out of range',)
('bytearray index out of range',)
('bytearray index out of range',)
('bytearray index out of range',)
('bytearray index out of range',)
('bytearray index out of range',)
('bytearray index out of range',)
('bytearray index out of range',)
('bytearray index out of range',)
('bytearray index out of range',)
('bytearray index out of range',)
('bytearray index out of range',)
('bytearray index out of range',)
('bytearray index out of range',)
('bytearray index out of range',)
505
('checksum: 0xaf',)
('bytearray index out of range',)
('bytearray index out of range',)
('bytearray index out of range',)
('bytearray index out of range',)
('bytearray index out of range',)
('bytearray index out of range',)
('bytearray index out of range',)
('bytearray index out of range',)
498
495
497
502
505
514
520
517
520
527
517
517
516
520
