38.40
38.10
37.70
39.20
39.60
39.00
38.50
38.80
38.80
38.70
38.80
39.30
39.00
38.00
37.80
38.70
38.80
38.80
38.90
38.60
38.30
37.90
37.70
38.70
39.20
38.50
37.80
38.40
38.60
37.70
38.90
38.90
38.90
37.50
37.30
258.70
194.30
41.60
42.20
42.10
40.60
40.50
41.10
41.60
40.70
40.80
41.10
40.50
40.10
40.10
41.40
41.20
40.70
40.40
40.90
242.40
196.30
41.30
42.00
42.00
40.50
40.50
40.80
41.10
41.00
40.80
41.40
41.10
40.10
40.10
40.80
41.50
40.60
41.00
41.00
221.50
189.00
40.80
41.80
42.00
41.40
40.40
40.90
40.90
40.40
40.60
41.20
41.50
40.10
40.00
40.70
41.00
40.60
40.60
41.20
213.30
189.50
40.70
41.30
41.70
40.90
41.00
40.70
40.60
40.40
40.30
41.30
41.40
41.00
39.90
40.60
40.60
40.40
40.70
41.40
207.80
189.50
40.50
41.20
41.40
41.00
40.80
41.50
40.80
39.80
40.20
41.10
41.40
40.50
40.50
40.70
40.50
39.80
40.70
41.10
203.80
190.60
40.60
41.40
41.10
41.00
41.00
41.50
41.10
39.90
40.10
39.70
41.50
40.80
40.90
40.90
40.10
39.90
41.30
41.30
199.60
190.80
41.10
41.20
40.40
41.00
41.80
41.60
40.10
40.30
40.90
40.80
40.80
40.90
41.40
40.80
39.90
40.00
40.50
41.30
196.80
190.60
41.50
41.20
40.50
40.30
40.70
41.30
40.70
41.00
41.20
41.00
40.20
40.20
41.60
41.40
41.10
40.60
40.70
586.90
194.50
40.80
42.40
41.70
41.10
41.00
41.00
40.80
40.10
40.60
41.60
41.50
40.80
40.20
41.20
40.80
40.00
40.80
41.50
450.50
193.40
40.90
41.20
41.20
40.90
41.30
41.60
41.30
40.20
40.10
40.80
41.00
40.50
40.70
41.20
41.30
40.10
39.90
40.60
369.30
192.80
41.30
41.70
41.10
40.40
40.10
40.80
41.50
40.80
40.70
41.30
40.90
40.10
40.20
41.00
41.40
40.60
40.50
40.70
316.10
191.10
40.60
41.90
42.10
41.00
40.40
41.10
40.00
39.90
41.30
41.30
40.80
40.60
40.50
40.60
40.10
40.30
41.30
41.30
280.70
191.10
41.70
41.40
40.80
41.20
41.90
41.80
40.90
40.30
41.00
40.90
40.60
41.00
41.40
41.60
40.40
40.00
40.80
40.80
255.80
191.60
42.00
41.60
40.80
40.60
41.00
41.60
40.80
41.00
41.30
40.90
40.10
40.10
41.10
41.40
40.90
40.60
41.00
40.80
236.80
189.70
42.10
41.90
41.50
40.80
41.20
40.90
40.40
40.70
41.40
41.30
40.70
40.10
40.80
40.60
40.60
40.70
40.00
41.30
223.40
189.90
41.20
41.20
41.50
41.00
41.90
41.50
40.20
40.20
40.90
41.40
41.10
40.80
41.50
40.60
40.20
40.10
41.20
41.60
215.10
190.90
41.20
41.20
40.90
40.40
41.50
41.40
41.10
39.70
40.80
41.00
40.10
40.60
41.30
41.30
40.10
39.90
40.60
40.90
208.40
191.00
41.90
40.80
40.80
41.00
41.10
41.20
41.10
41.60
41.10
40.10
40.20
40.80
41.60
40.80
40.80
40.80
40.80
40.10
202.60
191.40
41.80
41.20
40.90
41.10
40.90
40.40
41.10
41.50
41.20
40.40
40.30
40.80
40.90
40.70
40.90
41.40
40.80
40.10
198.60
190.70
41.90
41.50
41.10
41.40
41.00
40.90
40.20
41.70
41.50
41.00
40.40
41.10
41.00
40.10
40.80
41.40
41.50
40.40
196.40
190.70
41.30
41.30
41.20
41.70
41.20
40.50
40.10
41.00
41.40
40.70
40.80
40.80
40.70
40.30
40.10
41.50
41.50
569.40
194.60
41.40
41.50
40.80
41.10
41.70
41.60
40.50
40.20
41.10
40.70
40.70
40.60
41.70
41.00
40.50
40.20
41.10
41.70
436.00
193.70
41.80
41.50
40.70
41.00
42.30
41.70
41.20
40.40
40.90
41.10
40.80
40.90
41.50
40.70
40.20
40.80
40.80
41.00
358.50
193.30
41.40
40.70
40.60
41.90
41.80
41.00
40.60
41.00
41.00
40.40
40.80
41.60
41.40
40.40
40.10
40.90
41.10
41.10
306.90
192.60
41.50
40.70
40.60
40.40
41.60
41.00
40.70
40.80
41.00
40.20
40.70
41.70
41.30
40.10
40.00
40.70
41.30
40.50
272.80
192.20
41.60
40.80
41.10
41.70
41.80
41.10
40.80
41.20
40.90
40.60
40.80
41.50
41.60
39.90
40.30
40.80
41.10
40.90
249.80
192.00
41.60
40.60
40.50
42.10
41.90
41.20
40.50
41.00
40.90
40.40
41.00
41.40
41.50
40.20
40.50
40.70
41.20
40.80
232.60
191.80
41.40
40.60
40.70
41.90
41.80
41.00
40.60
41.00
41.10
40.40
41.20
41.70
41.70
40.40
40.40
41.10
41.10
41.00
220.80
191.70
41.60
40.80
40.70
41.70
41.90
40.90
41.40
41.00
40.70
40.50
41.70
41.70
41.20
40.40
41.00
40.90
40.40
40.80
213.00
191.50
41.10
41.00
41.10
41.40
41.10
41.30
41.80
41.00
40.50
40.50
41.20
41.60
40.70
40.80
40.90
41.00
40.40
40.90
207.10
191.90
41.20
41.00
41.50
41.20
41.10
40.90
41.60
41.10
40.40
40.20
41.00
41.80
40.70
40.90
40.90
40.90
40.50
40.70
203.20
192.10
41.20
40.70
41.70
41.30
41.10
41.10
41.90
41.70
40.00
40.50
41.10
41.50
41.00
40.80
41.40
41.10
40.10
40.20
199.90
192.20
41.20
41.00
41.30
41.00
40.40
41.10
41.50
41.70
40.70
40.40
40.90
41.00
39.50
40.70
41.50
40.60
40.00
40.20
197.50
191.90
41.30
41.50
41.40
41.20
40.50
40.80
41.40
41.70
40.90
40.00
41.10
41.00
40.90
41.00
41.60
41.40
40.20
531.40
195.50
41.80
41.40
42.20
41.40
40.60
40.50
41.10
40.50
40.80
41.20
41.30
41.20
40.10
40.20
41.50
41.70
40.80
40.60
415.70
193.90
41.00
41.40
41.90
42.00
40.30
40.30
41.00
41.20
40.90
40.70
41.50
41.00
39.90
40.00
41.20
41.50
41.00
40.90
343.10
193.30
40.90
41.70
42.10
41.90
41.00
40.60
41.20
41.00
41.00
40.90
41.60
41.20
40.60
40.50
41.00
41.60
41.00
40.90
298.70
192.50
40.50
40.90
41.80
42.10
41.40
40.50
41.00
41.00
40.10
40.80
41.60
41.50
40.40
40.40
40.80
41.10
40.70
40.90
268.70
192.00
40.70
40.50
41.50
41.90
41.10
41.20
40.90
41.00
40.20
40.70
41.40
41.50
40.80
40.20
40.70
40.60
40.80
41.10
247.00
192.60
41.00
40.90
41.70
41.60
41.30
41.30
41.70
41.20
40.40
40.50
41.80
41.70
41.10
41.40
41.20
40.30
40.40
41.80
231.00
191.50
41.00
41.60
41.60
41.00
41.30
41.70
42.00
40.40
40.40
41.10
40.80
40.70
41.30
41.40
40.80
40.30
40.10
41.20
219.90
191.40
41.30
41.50
41.30
40.60
40.80
41.70
41.90
40.80
40.30
40.70
40.80
40.60
41.00
41.50
41.40
40.20
40.40
40.90
211.80
191.20
41.50
41.70
41.30
40.50
40.60
41.50
41.70
41.10
40.70
40.90
41.30
40.60
41.20
41.70
41.80
40.50
40.40
41.10
206.50
191.50
41.70
42.60
41.50
40.90
40.70
41.40
41.80
41.10
41.20
41.00
40.90
40.50
40.70
40.40
41.80
41.00
40.50
40.60
204.90
195.00
41.80
42.40
41.80
40.90
40.90
41.20
41.70
41.10
40.90
41.20
41.10
40.50
40.70
41.20
41.60
40.70
40.20
41.00
198.90
191.60
41.60
42.30
41.80
40.60
40.60
41.30
41.10
41.10
41.30
41.00
40.10
40.60
41.50
41.40
40.80
40.70
40.60
41.10
196.50
191.40
42.40
42.40
40.70
40.60
41.40
41.60
41.00
41.00
41.70
41.00
40.40
40.50
41.60
41.50
40.90
40.60
41.00
520.00
194.90
42.20
42.20
42.30
40.70
40.70
41.30
41.40
41.10
41.00
41.10
40.90
40.30
40.30
41.50
41.40
41.20
40.50
40.70
409.60
193.70
41.80
42.10
42.20
40.80
40.40
41.10
41.60
41.20
41.10
41.30
41.10
40.10
40.10
41.70
41.40
41.20
40.30
41.20
344.90
192.90
41.70
42.10
42.10
40.80
40.80
41.30
41.80
41.30
41.10
41.10
40.90
40.40
40.80
41.80
41.80
40.70
40.40
40.80
299.20
192.30
41.50
41.90
42.10
40.60
40.50
41.20
41.70
41.30
40.90
41.20
41.10
40.20
40.40
41.50
41.60
41.20
40.40
40.80
269.40
192.60
42.60
42.40
41.40
41.00
41.30
41.40
41.30
41.30
41.70
40.90
40.50
40.50
41.50
41.80
41.10
41.10
40.90
41.00
247.40
192.10
42.50
42.30
41.30
40.70
41.50
41.20
41.30
41.10
41.60
41.20
40.50
40.50
41.20
41.80
41.10
41.10
40.80
41.10
231.50
191.70
41.00
42.50
41.30
40.90
41.40
40.90
41.00
41.10
42.00
41.10
40.50
40.60
41.00
41.70
41.00
41.00
41.20
41.00
220.30
191.60
42.10
42.20
41.10
40.70
41.20
41.10
41.10
41.00
41.80
41.50
40.40
40.60
41.40
41.50
39.70
41.00
41.00
40.90
212.40
191.30
42.20
42.20
41.10
40.70
41.10
41.10
40.90
41.10
41.50
41.50
40.20
40.20
40.80
41.60
40.90
40.80
41.00
40.90
207.00
191.10
42.40
42.30
41.20
40.60
41.10
41.00
40.70
40.90
41.40
41.50
40.40
40.70
41.00
40.80
40.80
41.90
41.50
40.40
202.50
191.40
42.50
41.90
41.80
41.60
41.40
40.60
40.80
41.90
41.80
41.10
40.60
41.00
41.10
41.00
41.20
42.10
41.30
40.10
199.20
191.30
42.10
41.70
41.40
41.60
41.20
40.80
40.50
41.50
41.70
41.10
40.80
41.00
41.20
40.50
41.20
41.80
41.80
40.40
196.70
191.10
42.00
41.50
41.60
41.60
41.20
40.20
40.50
41.60
41.80
41.00
40.90
40.80
40.80
40.10
40.80
41.40
41.40
550.50
195.20
41.90
41.90
41.60
41.50
41.80
41.40
40.40
40.50
41.50
41.70
41.00
41.00
41.00
41.00
40.40
41.10
41.70
41.70
432.60
193.80
41.70
41.60
41.60
41.30
41.90
41.50
40.50
40.50
41.40
41.80
41.20
40.90
40.80
41.00
40.20
40.80
41.40
41.60
361.50
193.20
42.20
42.10
41.70
41.60
42.30
41.10
40.70
41.10
41.10
41.10
41.40
41.70
41.10
40.30
40.70
41.50
41.80
41.20
314.20
192.50
41.60
41.00
41.30
41.80
41.90
41.30
40.70
41.30
41.30
41.10
41.00
41.70
41.30
40.60
40.60
41.00
41.50
41.00
279.80
192.00
41.60
41.00
41.10
41.80
41.80
41.10
40.50
40.60
41.20
41.20
41.10
41.70
42.10
40.70
40.40
41.00
41.80
41.20
255.00
192.20
41.70
41.00
41.00
42.40
42.20
41.30
40.80
41.40
41.10
40.70
41.10
41.60
41.50
40.30
40.30
41.00
41.00
40.90
239.30
192.20
41.80
41.00
40.80
41.90
41.90
41.10
41.00
41.20
40.90
40.30
40.90
41.80
41.40
41.00
40.40
41.10
41.00
41.00
225.40
192.20
41.70
40.80
40.90
41.60
42.10
41.40
41.40
41.40
41.00
40.60
40.40
41.90
41.60
41.10
40.30
41.10
41.10
40.60
216.70
192.20
41.70
40.90
41.60
41.30
40.90
41.20
41.70
41.70
40.60
40.20
40.90
41.60
41.10
41.00
41.70
41.00
40.40
40.30
210.50
192.00
41.50
41.20
41.30
41.30
40.60
41.50
41.90
41.80
40.60
40.50
41.00
41.20
41.10
41.30
41.80
41.30
40.50
40.50
205.60
192.20
41.70
41.70
41.50
41.50
40.70
41.00
41.60
41.80
41.10
40.40
40.90
41.30
41.00
41.10
41.90
41.60
40.40
40.30
203.40
193.60
41.70
41.80
41.80
41.30
40.90
40.60
41.80
41.70
41.10
40.60
41.20
41.20
40.50
40.90
41.40
42.10
40.60
40.50
200.00
192.60
41.70
41.80
42.20
41.40
40.60
40.50
42.10
41.90
41.40
41.10
41.10
41.30
40.40
41.00
41.80
41.70
40.90
40.70
197.60
192.10
41.70
41.80
42.40
41.80
41.00
40.60
41.30
41.90
41.20
41.20
41.60
40.50
40.50
41.10
41.60
41.10
41.10
513.70
195.90
41.10
41.30
42.00
42.20
41.40
40.80
41.10
41.40
40.80
41.30
41.60
41.70
40.30
40.50
40.90
41.40
40.90
40.80
412.70
194.90
41.10
40.90
40.60
42.10
41.20
41.20
41.30
41.20
40.70
41.10
41.90
42.20
41.20
40.60
41.30
41.40
41.20
41.20
345.30
194.70
41.30
41.10
41.60
42.30
41.50
41.10
41.50
41.40
40.40
40.90
41.50
41.90
41.20
40.20
41.20
41.30
40.50
41.40
302.40
194.50
41.20
41.20
41.60
41.40
41.50
41.20
41.80
41.30
40.60
40.60
41.40
41.50
41.10
39.70
41.20
41.00
40.50
40.70
272.60
194.00
41.60
41.10
41.30
41.30
40.90
41.30
42.00
42.10
40.70
40.40
41.40
41.50
41.10
41.20
41.80
41.10
40.50
40.40
249.20
193.70
41.70
41.50
41.40
41.10
40.80
41.50
42.00
41.20
41.10
41.00
41.00
40.50
40.40
41.60
41.80
41.20
40.40
41.00
233.70
192.50
41.70
42.40
42.40
40.90
40.70
41.40
41.40
41.20
40.90
41.80
41.10
40.50
40.60
41.60
41.80
41.10
41.20
41.30
222.80
192.00
41.50
42.40
42.20
41.40
41.00
41.40
41.30
40.90
41.40
42.20
41.90
40.70
40.60
40.90
41.60
41.30
41.10
41.70
214.30
191.90
40.70
41.90
42.20
41.50
41.40
41.30
41.10
40.70
40.90
41.90
41.50
41.20
40.30
41.00
41.10
41.20
40.70
41.60
209.60
192.00
40.90
41.50
42.00
41.70
41.60
42.20
41.30
40.70
40.60
41.40
41.50
41.30
41.10
41.20
41.40
40.40
40.80
41.80
205.20
192.20
41.10
41.90
41.60
40.80
41.50
42.10
42.10
40.50
40.40
41.10
41.70
41.00
41.10
41.80
41.20
40.20
40.40
41.40
200.90
192.10
42.20
41.40
40.90
40.90
42.10
41.80
41.70
41.30
41.40
41.40
40.70
41.00
42.10
41.90
41.50
40.50
41.50
41.40
198.70
192.50
42.40
42.50
40.80
40.90
41.30
41.90
41.30
41.40
41.90
41.20
40.80
40.70
41.40
41.90
41.30
41.10
41.10
581.00
196.30
40.60
42.40
42.20
41.80
40.70
41.40
41.40
40.60
41.30
42.20
41.80
40.70
40.50
41.20
41.10
41.20
41.30
40.40
446.70
195.00
40.50
41.70
42.30
41.50
41.30
41.30
41.20
40.60
40.40
41.60
41.80
41.30
40.30
41.00
41.10
40.60
41.20
41.90
370.40
194.50
41.30
41.80
42.10
41.60
41.60
42.20
41.40
40.60
40.70
41.40
41.80
41.30
41.30
41.40
41.00
40.50
40.50
41.70
317.00
194.30
41.70
41.80
41.50
41.10
41.50
41.70
41.80
41.00
40.60
41.10
41.30
40.80
41.90
41.70
41.00
40.40
41.10
41.20
282.70
193.60
42.50
42.10
40.70
40.90
41.60
41.80
41.40
41.50
42.40
41.50
40.50
40.70
41.80
41.80
41.10
41.40
41.30
41.40
257.90
193.20
42.40
42.50
41.70
41.00
41.60
41.50
41.10
41.40
41.60
42.10
40.60
40.70
41.40
41.30
41.10
41.10
41.90
41.30
239.90
192.60
41.70
42.40
41.40
41.50
41.70
41.30
40.80
40.80
41.90
41.80
41.20
40.50
41.10
41.10
40.60
40.90
41.90
41.60
226.90
192.60
41.70
41.80
41.50
41.40
42.40
41.60
41.00
40.90
41.70
41.60
41.40
41.20
41.70
41.20
40.90
40.50
41.80
41.90
218.80
193.10
41.70
41.50
41.10
41.20
42.40
42.30
41.20
40.70
41.10
41.30
40.90
41.40
42.00
41.70
40.60
40.50
41.20
41.10
211.50
192.90
42.50
41.70
41.10
40.80
41.40
41.20
41.10
41.80
41.70
40.60
40.30
41.10
41.70
41.00
41.30
41.50
41.00
40.40
207.90
194.60
42.70
41.80
41.60
41.70
41.60
40.80
40.90
42.20
42.30
41.30
40.90
41.30
41.40
40.60
41.20
41.70
42.10
40.90
203.10
193.20
41.90
41.80
41.70
42.40
42.40
40.70
40.70
41.30
41.70
41.30
41.60
42.20
41.30
40.70
40.70
41.40
41.90
39.80
201.50
193.50
42.00
41.60
41.50
42.60
42.30
41.60
41.00
41.60
41.40
40.90
41.20
42.40
42.10
41.30
40.70
41.40
41.20
41.10
199.30
194.40
42.40
41.10
41.00
41.60
41.50
41.30
41.50
42.10
41.50
40.60
40.50
41.30
42.10
41.10
41.10
41.70
41.10
504.30
195.50
42.30
42.30
41.60
41.50
41.40
41.30
40.70
40.60
41.80
41.60
41.20
41.00
41.10
41.30
40.60
40.90
41.70
41.20
411.10
195.50
41.90
41.00
41.00
41.90
42.30
41.30
41.20
41.60
41.50
40.90
41.50
42.20
42.20
41.30
40.70
41.40
41.30
40.60
347.40
196.00
42.60
41.50
41.00
41.70
41.40
41.00
41.40
42.10
42.10
40.80
40.50
41.40
41.30
41.40
41.20
42.10
41.90
40.70
301.90
193.90
42.30
41.70
41.60
42.20
41.40
40.90
40.00
41.40
41.80
41.10
41.10
41.40
40.90
40.60
40.50
41.50
41.70
41.00
273.20
193.60
41.40
41.10
41.30
41.80
41.80
41.30
41.00
41.40
40.90
40.80
41.00
41.90
