1.20
1.50
1.40
1.10
1.10
1.30
1.60
1.10
1.40
1.30
1.10
1.20
1.20
1.30
1.40
1.20
1.20
1.20
1.30
1.20
1.30
1.10
1.00
1.20
1.30
1.30
1.30
1.50
1.20
1.20
1.40
1.10
1.40
0.90
1.10
1.10
1.10
1.30
1.20
1.30
1.10
1.30
1.40
1.30
1.20
1.20
1.30
1.20
1.10
1.20
1.20
1.20
1.30
1.10
1.10
1.20
1.30
1.40
1.30
1.70
1.10
1.30
1.10
1.10
1.40
1.10
1.30
1.30
1.30
1.40
1.10
1.00
1.10
1.20
1.40
1.20
1.30
1.20
1.00
1.40
1.30
1.50
1.20
1.20
1.20
1.40
1.40
1.20
1.10
1.20
1.40
1.30
1.40
1.20
1.10
1.50
1.10
1.40
1.00
1.20
1.30
1.20
1.30
1.10
1.30
1.20
1.30
1.50
1.10
1.40
1.20
1.10
1.30
1.20
1.40
1.20
1.30
1.10
1.40
1.50
1.30
1.20
1.30
1.20
1.30
1.30
1.20
1.30
1.30
1.10
1.30
1.20
1.20
1.30
1.10
1.30
1.10
1.10
1.20
1.30
1.40
1.50
1.40
1.30
1.40
1.10
1.30
1.50
1.10
1.30
1.50
1.30
1.40
1.40
1.10
1.30
1.20
1.10
1.40
1.40
1.40
1.30
1.20
1.20
1.30
1.30
1.30
1.30
1.10
1.20
1.40
1.40
1.20
1.40
1.30
1.30
1.10
1.50
1.30
1.40
1.20
1.10
1.30
1.30
1.20
1.20
1.00
1.20
1.30
1.30
1.30
1.20
1.50
1.20
1.40
1.20
1.20
1.20
0.90
1.40
1.20
1.20
1.30
1.20
1.30
1.10
1.60
1.00
1.20
1.40
1.00
1.20
1.20
1.40
1.30
1.50
1.10
1.10
1.40
1.30
1.40
1.20
1.10
1.30
1.50
1.40
1.20
1.30
1.40
1.40
1.10
1.20
1.10
1.40
1.20
1.10
1.20
1.30
1.10
1.00
1.00
1.30
1.40
1.40
1.40
1.10
1.40
1.20
1.20
1.00
1.50
1.40
1.40
1.40
1.10
1.00
1.40
1.00
1.30
1.20
1.20
1.10
1.30
1.40
1.10
1.30
1.20
1.20
1.30
1.30
1.40
1.20
1.20
1.20
1.10
1.20
1.30
1.50
27.30
21.20
21.00
20.10
19.30
18.80
18.80
18.70
18.60
18.70
18.40
18.20
18.30
18.40
18.40
18.50
18.10
18.50
18.20
18.50
18.40
18.60
18.60
18.50
18.70
18.30
18.30
18.30
18.30
18.30
18.10
18.60
18.10
18.30
18.30
18.30
18.50
18.40
18.40
18.30
18.20
18.20
18.60
18.70
18.80
18.90
18.60
18.50
18.40
18.50
18.90
18.50
18.60
18.70
18.60
18.40
18.40
18.60
18.50
18.90
18.70
18.70
18.50
18.50
18.50
18.70
18.60
18.60
18.90
18.50
18.30
18.20
18.40
18.50
18.60
18.60
18.40
18.60
278.10
159.60
22.30
21.90
21.70
21.60
21.50
21.40
21.30
21.20
21.20
21.10
21.20
21.10
20.80
21.40
21.40
21.30
21.50
21.40
246.80
159.10
21.90
21.80
21.80
21.60
21.50
21.40
21.20
21.40
21.40
21.50
21.20
21.30
21.40
21.20
21.10
21.10
21.10
21.10
221.10
158.60
21.80
21.80
21.60
21.60
21.40
21.20
21.10
21.30
21.40
21.60
21.60
21.40
21.40
21.20
21.40
21.40
21.30
21.20
201.90
158.30
21.90
21.60
21.90
21.60
21.50
21.60
21.40
21.40
21.20
21.20
21.40
21.20
21.20
20.90
21.40
21.70
21.50
21.20
188.20
157.90
21.80
21.60
21.70
21.70
21.70
21.50
21.20
21.20
21.60
21.20
21.20
21.30
21.10
21.10
21.20
21.10
21.10
20.90
179.10
158.00
21.80
21.90
21.70
21.50
21.60
21.40
21.40
21.50
21.60
21.40
21.50
21.40
21.20
21.20
21.20
21.20
21.40
21.30
173.00
158.00
21.70
21.70
21.90
21.80
21.50
21.50
21.20
21.10
21.10
21.40
21.40
21.20
21.30
21.20
21.30
21.20
21.60
21.30
168.70
157.90
21.70
21.90
21.80
21.70
21.60
21.60
21.60
21.00
21.10
21.40
21.30
21.40
21.10
21.30
21.40
21.40
21.20
21.00
165.20
157.60
21.60
21.80
21.70
21.60
21.40
21.40
21.40
21.50
21.50
21.50
21.50
21.50
21.20
21.40
21.40
21.40
21.40
21.10
163.50
157.70
21.70
22.10
22.00
21.70
21.60
21.40
21.50
21.10
21.20
21.20
21.30
21.20
21.10
21.10
21.40
21.20
21.50
423.30
161.60
22.10
21.80
21.90
21.70
21.80
21.50
21.50
21.40
21.40
21.50
21.50
21.50
21.30
21.40
21.10
21.40
21.20
21.60
341.00
160.60
21.80
21.90
21.60
21.70
21.80
21.60
21.50
21.20
21.00
21.50
21.00
21.40
21.20
21.30
21.20
21.10
21.10
21.20
283.40
159.60
21.90
21.70
22.20
21.80
21.70
21.70
21.60
21.60
21.50
21.40
21.70
21.40
21.60
21.40
21.40
21.40
21.40
21.10
245.00
159.00
21.90
21.80
21.50
21.80
21.20
21.50
21.50
21.20
21.50
21.20
21.50
21.40
21.40
21.30
21.20
21.10
21.40
21.20
237.20
177.30
39.70
39.60
39.60
39.70
39.50
39.60
39.60
39.70
39.80
39.50
39.30
39.50
39.00
39.60
39.20
39.40
39.50
39.50
219.70
177.10
39.90
39.60
39.70
39.40
39.50
39.40
39.10
39.30
39.40
39.40
39.10
39.20
39.20
39.40
39.30
39.40
39.10
39.50
206.60
177.20
40.00
39.60
39.80
39.70
39.50
39.30
39.30
39.40
39.40
39.10
39.10
39.20
39.20
39.20
39.30
39.20
39.30
39.30
197.70
177.10
39.70
39.80
39.80
39.50
39.00
39.10
39.40
39.50
39.10
39.40
38.90
39.10
39.20
39.20
39.50
39.40
39.30
39.40
1.20
1.20
1.10
1.20
1.40
1.20
1.20
1.30
1.30
1.20
1.40
1.20
1.30
1.20
1.30
1.30
1.30
1.40
1.10
1.30
1.40
1.10
1.40
1.30
1.30
1.10
1.20
1.30
1.20
1.20
1.20
1.30
1.10
1.20
0.90
1.10
1.20
1.50
1.20
1.20
1.50
1.10
1.30
1.30
1.30
1.10
1.10
1.00
1.10
1.20
1.10
1.30
1.40
1.20
1.40
1.20
1.10
1.20
1.20
1.10
1.10
1.10
1.10
1.10
1.20
1.20
1.20
1.20
1.30
1.30
1.40
1.20
1.20
1.40
1.50
1.40
1.20
1.10
1.60
1.10
1.20
1.30
1.30
1.20
1.10
1.20
1.20
1.30
1.00
1.40
1.20
1.20
1.20
1.40
1.10
1.10
1.10
1.40
1.30
1.30
1.30
1.10
1.40
1.20
1.10
1.00
1.20
1.30
1.30
1.30
1.30
1.10
1.30
1.10
1.30
1.00
1.30
1.20
1.10
1.10
1.20
1.20
1.20
1.30
1.00
1.50
1.30
1.10
1.40
1.30
1.20
0.90
1.30
1.40
1.30
1.30
1.10
1.10
1.20
1.20
1.10
1.20
1.10
1.40
1.10
1.30
1.30
1.40
1.30
1.20
1.10
1.20
1.20
1.50
1.20
1.40
1.50
1.30
1.50
1.40
1.40
1.20
1.00
1.20
1.20
1.40
1.10
0.90
1.00
1.40
1.20
1.30
1.10
1.20
1.30
1.30
1.40
1.20
1.30
1.30
1.30
1.10
1.20
1.20
1.40
1.30
1.30
1.20
1.50
1.30
1.10
1.30
1.40
1.30
1.20
1.30
1.40
1.30
1.30
1.30
1.50
1.30
1.20
1.20
1.50
1.30
1.30
1.40
1.30
1.20
1.30
1.40
1.50
1.00
1.20
1.20
1.20
1.30
1.10
1.20
1.10
1.30
1.30
1.10
1.20
1.30
1.20
1.30
1.20
1.50
1.40
1.40
1.30
1.10
1.30
1.20
1.20
1.30
1.20
1.10
1.30
1.20
1.30
1.30
1.20
1.20
1.00
1.40
1.30
1.30
1.30
1.20
1.30
1.20
1.40
1.10
1.20
1.40
1.30
1.30
1.00
1.40
1.20
1.40
1.50
1.40
0.90
1.30
1.30
1.60
1.30
1.20
1.20
1.20
1.50
1.30
1.30
27.60
21.10
20.70
20.30
19.40
19.00
18.60
18.50
18.50
18.60
18.70
18.50
18.20
18.40
18.40
18.60
18.50
18.70
18.50
18.70
18.30
18.40
18.50
18.60
18.40
18.20
18.70
18.30
18.10
18.40
18.70
18.60
18.80
18.50
18.30
18.30
18.10
18.10
18.60
18.40
18.80
18.60
18.50
18.50
18.60
19.00
18.80
18.90
18.90
18.60
18.60
18.70
18.60
19.00
18.80
18.80
18.70
18.60
18.40
18.30
18.70
18.80
18.60
18.60
18.40
18.60
18.50
18.50
19.00
18.60
18.60
18.60
18.60
18.60
18.40
18.70
18.60
18.80
304.90
160.30
22.30
21.90
21.60
21.80
21.40
21.50
21.20
21.20
21.40
21.50
21.10
21.40
21.60
21.70
21.50
21.40
21.20
21.40
263.70
159.40
22.10
21.90
22.10
21.50
21.80
21.60
21.30
21.10
21.60
21.20
21.20
21.50
21.30
21.40
21.30
21.40
21.40
21.30
231.00
158.70
22.20
21.80
21.80
21.40
21.60
21.40
21.30
21.40
21.20
21.20
21.10
21.20
21.10
21.20
21.20
21.20
21.40
21.40
209.10
158.70
22.00
21.90
21.90
21.80
21.60
21.50
21.60
21.40
21.40
21.30
21.40
21.50
21.20
21.00
21.10
21.00
21.10
21.10
193.20
158.40
21.70
21.80
21.70
21.50
21.70
21.10
21.40
21.40
21.50
21.40
20.90
21.10
21.20
21.30
21.20
21.50
21.40
21.20
182.70
158.30
22.00
22.20
21.90
21.70
21.40
21.60
21.50
21.50
21.40
21.40
21.60
21.20
21.50
21.10
21.30
21.50
21.10
21.00
174.70
158.10
21.70
22.00
21.80
21.60
21.50
21.50
21.40
21.30
21.10
21.10
21.20
21.20
21.20
20.90
21.10
21.20
21.60
21.40
170.10
158.30
21.90
21.80
21.60
22.00
21.60
21.20
21.30
21.50
21.20
21.40
21.40
21.20
21.00
21.40
21.40
21.20
21.10
21.40
166.40
158.30
21.60
21.90
21.60
21.80
21.50
21.40
21.40
21.50
21.80
21.50
21.60
21.30
21.60
21.60
21.60
21.40
21.50
21.50
164.00
158.30
22.10
21.90
22.00
21.70
21.90
21.70
21.60
21.60
21.40
21.40
21.40
21.40
21.30
21.20
21.60
21.40
21.40
433.10
162.40
22.20
22.00
21.80
21.70
21.60
21.70
21.60
21.30
21.40
21.50
21.60
21.50
21.60
21.20
21.30
21.30
21.40
21.40
342.40
161.00
21.90
22.10
21.90
21.50
21.50
21.50
21.10
21.40
21.40
21.80
21.50
21.50
21.50
21.60
21.60
21.10
21.50
21.30
283.80
160.30
22.00
22.20
21.90
21.90
21.30
21.40
21.80
21.30
21.50
21.50
21.40
21.20
21.10
21.20
21.70
21.20
21.40
21.40
245.70
159.30
22.00
21.70
22.10
21.60
21.50
21.50
21.40
21.30
21.40
21.30
21.20
21.70
21.50
21.50
21.60
21.50
21.40
21.30
238.10
178.10
39.80
39.80
39.80
39.70
39.60
39.60
39.40
39.20
39.10
39.30
39.20
39.40
39.30
39.30
39.20
39.10
39.10
39.20
219.40
177.40
39.70
39.60
39.40
39.40
39.50
39.60
39.70
39.40
39.40
39.30
39.50
39.30
39.40
39.40
39.40
39.40
39.30
39.20
205.90
177.30
40.30
39.90
39.50
39.60
39.50
39.60
39.20
39.40
39.30
39.30
39.60
39.30
39.40
39.20
39.30
39.10
39.00
39.10
196.60
177.40
39.90
39.70
39.70
39.70
39.50
39.40
39.50
39.40
39.30
39.30
39.20
39.20
39.40
39.20
39.50
39.50
39.50
39.50
1.20
1.30
1.40
1.20
1.40
1.20
0.90
1.20
1.50
1.40
1.40
1.10
1.10
1.30
1.30
1.30
1.40
1.20
1.10
1.00
1.20
1.10
1.30
1.10
1.40
1.20
1.20
1.10
1.30
1.20
1.30
1.20
1.30
1.30
1.10
1.30
1.10
1.10
1.30
0.90
1.30
1.30
1.20
1.20
0.90
1.10
1.40
1.10
1.10
1.30
1.20
1.40
1.50
1.20
1.30
1.20
1.10
1.30
1.30
1.60
1.20
1.30
1.40
1.40
1.20
1.30
1.20
1.20
1.30
1.30
1.30
1.20
1.10
1.20
1.40
1.10
1.20
1.40
1.40
1.40
1.20
1.20
1.20
1.20
1.30
1.30
1.10
1.10
1.10
1.40
1.20
1.10
1.20
1.30
1.40
1.40
1.50
1.20
1.00
1.40
1.20
1.30
1.20
1.10
1.30
1.20
1.10
1.40
1.30
1.30
1.30
1.50
1.20
1.60
1.20
1.40
1.30
1.40
1.50
1.40
1.30
1.20
1.20
1.00
1.20
1.20
1.30
1.30
1.20
1.30
1.20
1.10
1.40
1.40
1.40
1.30
1.30
1.20
1.30
1.30
1.20
1.20
1.20
1.30
1.40
1.00
1.40
1.20
1.20
1.20
1.20
1.10
1.20
1.30
1.20
1.20
1.50
1.20
1.40
1.30
1.40
1.30
1.00
1.20
1.40
1.20
1.20
1.10
1.20
1.10
1.20
1.20
1.30
1.10
1.10
1.40
1.20
1.30
1.20
1.20
1.20
1.30
1.20
0.90
1.10
1.40
1.40
1.10
1.30
1.10
1.20
1.10
1.10
1.20
1.10
1.30
1.30
1.50
1.20
1.00
1.30
1.10
1.20
1.30
1.30
1.10
1.20
1.00
1.40
1.20
1.30
1.30
1.00
1.20
1.30
1.20
1.20
1.50
1.20
1.20
1.30
1.30
1.60
1.20
1.20
1.40
1.30
1.40
1.30
1.20
1.20
1.50
1.10
1.20
1.20
1.30
1.20
1.40
1.00
1.30
1.40
1.40
1.10
1.20
1.10
1.20
1.30
1.20
1.30
1.20
1.40
1.20
1.30
1.20
1.20
1.20
1.30
1.40
1.10
1.10
1.20
1.10
1.20
1.10
1.30
1.30
1.10
1.20
1.20
1.40
1.20
1.30
1.30
1.40
1.10
1.30
1.00
21.10
21.10
20.40
19.80
19.30
19.10
18.80
18.80
18.50
18.50
18.60
18.40
18.40
18.80
18.40
18.40
18.30
18.60
18.20
18.50
18.60
18.50
18.40
18.50
18.60
18.80
18.60
18.40
18.80
18.40
18.50
18.40
18.80
18.30
18.50
18.50
18.10
18.40
18.70
18.60
18.70
18.40
18.60
18.60
18.60
18.70
18.60
18.70
18.70
18.90
19.00
18.70
18.50
18.50
18.70
18.80
18.80
18.80
18.40
18.50
18.60
18.80
18.70
18.70
18.70
18.60
18.50
18.70
18.50
18.70
18.60
18.60
18.90
18.40
18.60
18.70
19.10
25.70
172.20
159.10
22.40
22.40
21.90
21.70
21.80
21.50
21.50
21.40
21.60
21.40
21.40
21.50
21.20
21.60
21.30
21.20
21.30
21.40
167.90
158.40
22.00
21.90
21.80
21.70
21.40
21.40
21.50
21.20
21.40
21.20
21.30
21.10
21.50
21.10
21.20
21.10
21.40
21.30
164.90
158.10
21.80
21.70
21.50
21.80
21.50
21.60
21.70
21.60
21.50
21.50
21.50
21.40
21.50
21.60
21.50
21.40
21.20
479.90
162.60
22.10
21.80
22.00
22.20
21.60
21.70
21.50
21.50
21.80
21.50
21.40
21.60
21.10
21.40
21.30
21.30
21.50
21.50
375.40
161.50
22.20
21.90
21.90
21.80
21.60
21.20
21.60
21.10
21.40
21.40
21.50
21.50
21.10
21.20
21.30
21.50
21.60
21.50
309.30
160.90
22.00
21.80
22.10
21.90
22.00
21.60
21.80
21.60
21.40
21.70
21.50
21.20
21.60
21.50
21.70
21.50
21.50
21.60
261.90
160.00
22.10
22.00
22.00
21.80
21.50
21.70
21.80
21.60
21.70
21.40
21.60
21.50
21.50
21.50
21.20
21.30
21.40
21.40
230.30
159.50
21.70
21.80
22.00
21.70
21.50
21.70
21.40
21.60
21.20
21.50
21.40
21.50
21.20
21.50
21.30
21.40
21.50
21.40
209.20
159.20
21.90
22.20
21.90
21.80
21.60
21.60
21.70
21.80
21.50
21.40
21.30
21.60
21.70
21.30
21.50
21.50
21.10
21.30
194.00
159.00
21.90
21.90
22.10
21.70
21.40
21.60
21.60
21.40
21.30
21.30
21.40
21.40
21.50
21.40
21.30
21.40
21.10
21.10
183.10
158.80
22.10
22.20
22.00
21.90
21.80
22.00
21.80
21.40
21.50
21.40
21.70
21.20
21.40
21.40
21.50
21.40
21.50
21.40
176.10
158.60
21.80
21.90
21.90
21.60
21.60
21.80
21.60
21.50
21.30
21.60
21.30
21.50
21.30
21.50
21.20
21.10
21.40
21.20
171.00
158.70
22.00
22.30
21.90
21.90
21.90
21.70
21.60
21.90
21.70
21.50
21.40
21.10
21.40
21.60
21.50
21.20
21.60
21.40
167.40
158.60
22.10
22.00
21.70
21.80
21.60
21.40
21.80
21.30
21.40
21.60
21.40
21.30
21.40
21.40
21.50
21.20
21.50
21.50
182.90
177.30
40.00
39.50
39.50
39.40
39.70
39.60
39.50
39.30
39.30
39.30
39.30
39.40
39.40
39.30
39.50
39.40
39.20
487.40
181.80
40.20
39.90
39.80
39.50
39.20
39.50
39.60
39.50
39.30
39.10
39.30
39.20
39.20
39.40
39.10
39.20
39.20
39.30
389.40
180.50
40.10
40.20
39.90
39.80
39.80
39.80
39.70
39.40
39.50
39.50
39.30
39.30
39.20
39.40
39.70
39.30
39.40
39.10
322.30
179.60
40.10
39.90
39.60
39.70
39.70
39.50
39.50
39.40
39.40
39.50
39.40
39.40
39.40
39.40
39.30
39.30
39.20
39.20
0.90
1.30
1.20
1.20
1.30
1.10
1.10
1.20
1.20
1.20
1.30
1.20
1.20
1.20
1.20
1.20
1.30
1.20
1.40
1.00
1.20
1.20
1.30
1.20
1.40
1.40
1.30
1.10
1.20
1.20
1.20
1.00
1.30
1.30
1.20
1.10
1.10
1.20
1.10
1.30
1.40
1.30
1.40
1.20
1.10
1.30
1.40
1.10
1.50
1.50
1.20
1.30
1.10
1.30
1.10
1.30
1.20
1.00
1.10
1.20
1.30
1.30
0.90
1.30
1.20
1.10
1.30
1.10
1.30
1.20
1.60
1.00
1.50
1.10
1.30
1.20
1.40
1.50
1.10
1.20
1.10
1.10
1.30
1.20
1.20
1.30
1.30
1.10
1.40
1.30
1.30
1.20
1.20
1.20
1.20
1.40
1.20
1.30
1.40
1.00
1.30
1.20
1.20
1.20
1.40
1.50
1.10
1.40
1.30
1.30
1.30
1.20
1.20
1.00
1.20
1.30
1.30
1.20
1.20
1.40
1.20
1.10
1.30
0.90
1.30
1.40
1.20
1.20
1.00
1.50
1.10
1.20
1.00
1.20
1.30
1.20
1.50
1.60
1.20
1.10
1.30
1.60
1.30
1.20
1.50
1.40
1.50
1.10
1.30
1.20
1.20
1.30
1.10
1.30
1.00
1.30
1.30
1.30
1.30
1.20
1.20
1.20
1.30
1.10
1.20
1.30
1.00
1.10
1.20
1.30
1.20
1.10
0.90
1.20
1.20
1.20
1.20
1.40
1.30
1.20
1.30
1.20
1.30
1.10
1.30
1.30
1.50
1.20
1.10
1.30
1.40
1.30
1.30
1.20
1.30
1.20
1.30
1.20
1.00
1.10
1.30
1.30
1.20
1.30
1.30
1.40
1.20
1.20
1.30
1.50
1.40
0.90
1.40
1.10
1.30
1.30
1.30
1.00
1.20
1.40
1.30
1.40
1.10
1.20
1.10
1.20
1.30
1.40
1.20
1.20
1.30
1.40
0.90
1.20
1.20
1.20
1.10
1.50
1.00
1.20
1.10
1.10
1.40
1.30
1.20
1.10
1.20
1.20
1.20
1.40
1.10
1.30
1.30
1.30
1.40
1.30
1.20
1.10
1.10
1.30
1.40
1.30
1.30
1.20
1.30
1.10
1.30
1.30
1.30
1.20
1.20
1.20
1.30
1.40
1.30
1.10
1.30
1.50
21.20
21.50
20.60
20.00
19.30
19.00
19.00
18.80
18.60
18.40
18.50
18.50
18.60
18.60
18.80
18.80
18.50
18.50
18.90
18.40
18.40
18.60
18.40
19.00
18.60
18.60
18.60
18.50
18.40
18.50
18.50
18.90
18.70
18.60
18.40
18.60
18.50
18.60
18.30
18.60
18.80
18.70
18.70
18.90
18.70
18.70
18.60
18.60
18.80
18.70
18.60
18.90
18.90
18.70
18.40
18.70
18.70
19.00
18.80
18.90
18.70
18.50
18.50
18.60
18.40
18.90
18.90
18.70
18.80
18.60
18.30
18.40
18.60
19.00
18.80
18.80
18.70
26.10
174.10
159.20
22.40
22.00
22.10
21.80
21.70
21.60
21.60
21.70
21.40
21.40
21.40
21.30
21.40
21.50
21.70
21.40
21.30
21.40
169.90
158.70
22.00
21.80
21.80
21.50
21.60
21.40
21.50
21.20
21.40
21.00
21.20
21.40
21.20
21.20
21.50
21.20
21.10
21.20
166.70
158.50
21.90
21.90
22.00
21.60
21.80
21.60
21.50
21.40
21.50
21.60
21.40
21.40
21.10
21.20
21.30
21.60
21.50
21.20
164.30
158.50
22.10
22.10
21.90
21.70
21.70
21.90
21.50
21.20
21.20
21.50
21.40
21.60
21.10
21.40
21.60
21.40
21.20
431.80
162.60
22.20
22.10
21.90
21.80
21.60
21.50
21.80
21.60
21.70
21.60
21.40
21.70
21.50
21.40
21.50
21.30
21.50
21.50
343.80
161.30
21.90
22.10
21.70
22.00
21.90
21.70
21.50
21.60
21.60
21.40
21.30
21.20
21.40
21.20
21.60
21.20
21.30
21.40
285.40
160.80
22.10
22.40
22.00
21.80
21.90
21.80
21.70
21.60
21.80
21.50
21.50
21.50
21.60
21.40
21.60
21.40
21.50
21.20
247.00
160.10
22.10
21.80
21.90
22.00
21.50
21.50
21.80
21.60
21.30
21.50
21.40
21.20
21.60
21.40
21.20
21.60
21.50
21.30
220.20
159.50
22.10
22.40
22.10
21.80
21.90
21.80
22.00
21.60
21.50
21.50
21.50
21.50
21.60
21.30
21.20
21.40
21.60
21.50
201.40
159.10
21.90
22.10
22.00
21.90
21.70
21.50
21.60
21.50
21.40
21.40
21.40
21.50
21.10
21.40
21.70
21.10
21.30
21.10
188.40
159.10
22.20
22.20
22.30
21.90
21.80
21.70
21.70
21.50
21.60
21.20
21.50
21.50
21.60
21.40
21.50
21.60
21.40
21.40
179.70
159.10
21.90
22.00
21.90
21.60
21.80
21.50
21.60
21.40
21.70
21.50
21.50
21.40
21.50
21.50
21.20
21.30
21.20
21.40
173.60
158.80
22.00
22.00
21.90
21.60
22.00
21.80
21.90
22.00
21.40
21.50
21.40
21.70
21.70
21.80
21.60
21.70
21.80
21.50
169.40
159.00
22.50
22.00
22.00
21.90
22.10
21.70
21.60
21.10
21.70
21.70
21.60
21.50
21.40
21.60
21.40
21.50
21.60
40.00
184.90
177.50
39.70
39.90
40.20
39.60
39.40
39.70
39.40
39.30
39.50
39.40
39.50
39.50
39.00
39.60
39.10
39.20
39.60
39.30
182.70
177.60
39.80
39.90
39.70
39.70
39.40
39.50
39.40
39.30
39.40
39.40
39.30
39.30
39.20
39.60
39.60
39.50
39.50
422.00
181.20
40.00
39.90
40.00
39.80
39.60
39.50
39.60
39.40
39.40
39.40
39.20
39.60
39.60
39.40
39.50
39.40
39.30
39.40
342.10
179.80
39.80
39.90
39.80
39.60
39.60
39.50
39.60
39.30
39.40
39.20
39.40
39.30
39.50
39.40
39.30
39.20
39.30
39.30
1.40
1.40
1.20
1.20
1.10
1.20
1.30
1.20
1.50
1.40
1.20
1.30
1.10
1.30
1.40
1.20
1.30
1.20
1.20
1.10
1.00
1.10
1.30
1.50
1.30
1.20
1.10
1.30
1.00
1.30
1.30
1.20
1.30
1.20
1.20
1.10
1.20
1.20
1.20
1.00
1.40
1.30
1.20
1.10
1.40
1.30
1.20
1.50
1.40
1.50
1.40
1.20
1.30
1.20
1.30
1.30
1.00
1.40
1.30
1.30
1.20
1.50
1.00
1.10
1.20
1.20
1.40
1.10
1.30
1.20
1.20
1.10
1.20
1.10
1.20
1.20
1.20
1.00
1.20
1.20
1.40
1.20
1.30
1.10
1.20
0.90
1.40
1.40
1.30
1.30
1.30
1.10
1.40
1.30
1.20
1.10
1.50
1.10
1.20
1.30
1.20
1.30
1.10
1.20
1.10
1.50
1.20
1.20
1.00
1.30
1.30
1.20
1.10
1.10
1.30
1.40
1.20
1.30
1.30
1.00
1.20
1.20
1.30
1.20
1.10
1.30
1.30
1.40
1.30
1.30
1.40
1.20
1.30
1.10
1.10
1.30
1.20
1.20
1.20
1.30
1.20
1.50
1.30
1.40
1.20
1.40
1.10
1.10
1.20
1.30
1.40
1.10
1.10
1.20
1.30
1.10
1.00
1.40
1.00
1.10
1.20
1.20
1.20
1.50
1.10
1.10
1.30
1.30
1.20
1.40
1.10
1.20
1.40
1.30
1.30
1.40
1.30
1.30
1.10
1.00
1.20
1.20
1.40
1.10
1.40
1.30
1.30
1.10
1.50
1.10
1.00
1.30
1.20
1.20
1.20
1.50
1.60
1.00
1.40
1.30
1.30
1.30
1.30
1.10
1.30
1.30
1.10
1.10
1.50
1.10
1.00
1.10
1.20
1.20
1.40
1.30
1.40
1.30
1.40
1.40
1.40
1.20
1.30
1.40
1.20
1.50
1.10
1.40
1.20
1.40
1.40
1.20
1.10
1.30
1.10
1.20
1.20
1.30
1.30
1.10
1.30
1.30
1.20
1.20
1.30
1.40
1.20
1.20
1.20
1.40
1.30
1.30
1.50
1.30
1.40
1.30
1.10
1.20
1.20
1.40
1.60
1.50
1.10
1.30
1.30
1.10
1.30
1.20
1.20
1.20
1.40
1.00
1.30
1.30
1.40
1.30
1.60
27.70
21.60
20.80
20.30
19.20
19.30
19.10
18.70
19.10
18.90
18.70
18.30
18.90
18.80
18.70
18.80
18.50
18.30
18.70
19.10
18.70
18.50
19.00
18.50
18.40
18.80
18.80
18.60
18.40
18.80
18.60
18.30
18.80
18.50
18.50
18.90
18.60
18.30
18.60
18.80
18.60
18.60
18.70
18.80
18.70
18.60
18.90
18.50
18.80
18.90
18.50
18.60
18.50
18.70
18.70
18.80
18.90
18.50
18.70
18.60
19.00
18.60
18.50
18.60
18.60
18.50
18.30
19.10
18.80
18.80
19.00
18.50
18.50
18.60
19.00
18.90
18.80
18.10
233.50
160.20
22.50
22.20
22.10
21.70
21.70
21.40
21.70
21.20
21.40
21.80
21.20
21.40
21.40
21.60
21.70
21.60
21.50
21.70
213.40
159.70
22.00
22.20
22.10
21.60
21.80
21.70
21.60
21.60
21.70
21.50
21.40
21.40
21.70
21.20
21.60
21.40
21.50
21.20
197.30
159.10
22.00
21.90
21.80
21.90
21.80
21.60
21.60
21.30
21.40
21.20
21.70
21.50
21.50
21.20
21.20
21.20
21.10
21.30
185.60
159.70
22.10
22.20
22.10
21.80
21.90
21.60
21.80
21.70
21.60
21.40
21.70
21.50
21.90
21.70
21.60
21.60
21.50
21.70
177.90
159.40
22.40
22.30
21.90
21.80
21.70
21.50
21.70
21.40
21.20
21.40
21.50
21.60
21.60
21.60
21.40
21.40
21.40
21.40
172.70
159.30
22.10
22.10
22.10
21.70
21.70
21.90
21.50
21.70
21.50
21.30
21.50
21.40
21.20
21.30
21.40
21.30
21.10
21.40
168.90
159.40
22.20
22.50
22.20
21.90
21.90
21.70
21.60
21.60
21.70
21.60
21.70
21.80
21.50
21.40
21.70
21.60
21.40
21.80
166.10
159.10
21.90
22.10
22.00
21.60
21.70
22.00
21.90
21.50
21.10
21.40
21.50
21.80
21.60
21.40
21.60
21.50
21.50
21.60
163.90
22.30
22.10
21.90
21.70
21.70
21.60
21.80
21.50
21.60
21.60
21.30
21.50
21.60
21.60
21.50
21.40
21.50
21.30
390.40
162.70
22.40
22.20
22.10
21.70
22.10
21.70
21.70
21.80
21.60
21.40
21.50
21.40
21.70
21.40
21.40
21.40
21.50
21.20
317.90
161.50
22.30
21.90
22.00
21.90
21.70
21.70
21.50
21.40
21.40
21.50
21.40
21.50
21.20
21.30
21.40
21.50
21.20
21.20
269.00
160.80
22.10
22.30
22.10
21.90
21.60
21.70
21.50
21.70
21.50
21.70
21.60
21.70
21.50
21.50
21.50
21.70
21.50
21.40
234.70
160.20
22.20
21.90
22.10
21.60
21.50
21.80
21.60
21.70
21.60
21.60
21.40
21.60
21.80
21.50
21.30
21.60
21.60
21.40
212.50
160.00
22.10
22.20
22.20
22.10
21.60
21.90
21.80
21.80
21.60
22.00
21.50
21.70
21.60
21.60
21.50
21.60
21.60
21.40
215.20
178.20
39.90
39.80
39.80
39.40
39.80
39.50
39.70
39.10
39.40
39.30
39.30
39.00
39.30
39.20
39.20
39.20
39.30
39.40
204.00
178.10
39.80
40.00
40.00
39.70
39.90
39.70
39.70
39.60
39.40
39.30
39.50
39.20
39.40
39.40
39.40
39.70
39.50
39.30
196.40
178.40
39.70
40.10
39.90
39.50
39.70
39.60
39.70
39.30
39.20
39.40
39.40
39.20
39.40
39.40
39.60
39.50
39.30
39.10
191.30
178.10
40.10
40.10
39.70
39.80
39.70
39.50
39.40
39.40
39.40
39.50
39.50
39.50
39.60
39.60
39.50
39.70
39.50
1.00
1.20
1.40
1.20
1.50
1.10
1.20
1.10
1.30
0.90
1.40
1.20
1.00
1.20
1.10
1.20
1.20
1.00
1.50
1.20
1.10
1.20
1.30
1.10
1.10
1.20
1.40
1.30
1.50
1.20
1.00
1.20
1.60
1.50
1.30
1.30
1.30
1.30
1.10
1.10
1.30
1.40
1.30
1.40
1.50
1.30
1.30
1.30
1.20
1.30
1.30
1.00
1.30
1.40
1.00
1.60
1.10
1.20
1.20
1.30
1.10
0.90
1.30
1.30
1.00
1.30
1.30
1.50
1.20
1.20
1.30
1.20
0.90
1.40
1.30
1.40
1.10
1.30
1.10
1.10
1.50
1.20
1.20
1.20
1.30
1.30
1.20
1.50
1.20
1.30
1.30
1.10
1.30
1.10
1.30
1.30
1.30
1.10
1.00
1.20
1.20
1.20
1.10
1.10
1.00
1.10
1.70
1.30
1.20
1.20
1.30
1.10
1.10
1.30
1.20
1.10
1.60
1.00
1.10
1.20
1.10
1.30
1.30
1.20
1.20
1.10
1.20
1.30
1.20
1.30
1.30
1.40
1.40
1.20
1.50
1.20
1.20
1.40
1.10
1.40
1.20
1.10
1.30
1.00
1.30
1.50
1.30
1.10
1.30
1.20
1.40
1.20
1.30
1.10
1.20
1.40
1.20
1.30
1.20
1.00
1.20
1.30
1.30
1.30
1.20
1.20
1.20
1.10
1.30
1.30
1.10
1.30
1.20
1.20
1.30
1.20
1.30
1.20
1.30
1.40
1.20
1.20
1.40
1.20
1.00
1.20
1.30
1.20
1.10
1.30
1.10
1.30
1.20
1.40
1.10
1.30
1.20
1.30
1.10
1.30
1.20
1.20
1.20
1.10
1.10
1.20
1.20
1.00
1.40
1.30
1.10
1.40
1.00
1.30
1.20
1.50
1.20
1.30
1.00
1.10
1.20
1.30
1.20
1.20
1.30
1.20
1.50
1.30
1.30
1.30
1.30
1.40
1.40
1.30
1.30
1.30
1.20
1.40
1.30
1.20
1.10
1.20
1.30
1.40
1.10
1.10
1.00
1.40
1.20
1.40
1.40
1.20
1.30
1.20
1.20
1.40
1.00
1.20
1.10
1.30
1.10
1.10
1.10
1.20
1.00
1.10
1.40
1.10
1.40
1.40
1.20
1.30
1.30
1.10
1.40
1.20
1.40
1.30
28.00
21.40
20.80
20.10
19.70
18.90
19.00
19.00
18.60
18.60
18.70
18.60
19.00
18.50
18.30
18.60
18.60
18.60
18.40
18.90
18.70
18.70
18.60
18.70
18.30
18.40
18.70
18.90
18.40
18.50
18.70
18.60
18.60
18.60
19.00
18.70
18.80
18.80
18.60
18.30
18.50
18.40
19.20
19.10
19.10
18.80
18.70
18.80
18.70
19.00
18.70
19.00
18.90
18.60
18.70
18.90
19.20
18.90
18.80
18.70
18.60
18.70
18.60
18.90
19.10
18.60
18.70
18.90
18.70
18.60
18.70
18.50
18.90
18.80
19.00
18.90
18.70
25.70
192.70
160.10
22.60
22.50
22.40
22.00
22.00
21.80
21.80
21.60
21.70
21.40
21.60
21.50
21.90
21.60
21.50
21.30
21.50
21.30
183.10
159.20
22.30
21.90
21.90
21.70
21.60
21.70
21.50
21.70
21.50
21.50
21.50
21.50
21.40
21.40
21.60
21.50
21.70
21.50
176.40
160.10
22.40
22.10
22.20
22.00
21.90
21.70
21.50
21.70
21.60
21.50
21.70
21.80
21.70
21.40
21.60
21.50
21.60
21.50
171.70
159.20
21.90
22.20
22.10
21.90
21.90
21.70
21.60
21.50
21.50
21.50
21.60
21.50
21.70
21.70
21.60
21.60
21.70
21.40
167.50
159.50
21.80
22.10
21.90
21.80
21.80
21.50
21.70
21.60
21.60
21.60
21.60
21.60
21.60
21.60
21.50
21.50
21.60
21.40
165.20
159.00
21.90
22.30
22.20
22.00
21.80
21.70
21.70
21.60
21.50
21.80
21.40
21.50
21.40
21.30
21.50
21.70
21.70
454.10
163.60
22.40
22.20
22.10
21.90
21.70
21.60
21.60
21.60
21.60
21.60
21.40
21.10
21.60
21.40
21.50
21.40
21.50
21.20
359.30
162.50
22.00
22.20
22.00
21.60
21.90
21.90
22.00
21.70
21.70
21.80
21.70
21.70
21.60
21.60
21.50
21.60
21.60
21.50
297.50
161.60
22.10
22.10
22.30
22.00
22.10
21.60
21.60
21.50
21.40
21.80
21.70
21.30
21.70
21.40
21.50
21.50
21.40
21.50
254.20
160.90
22.40
21.90
21.80
21.90
21.50
21.70
21.60
21.60
21.50
21.50
21.50
21.40
21.80
21.80
21.70
21.60
21.80
21.70
226.60
160.40
22.30
22.30
22.10
22.10
21.60
21.80
21.60
21.70
21.40
21.20
21.50
21.60
21.60
21.50
21.70
21.20
21.60
21.20
205.60
160.30
22.20
21.90
21.80
21.70
21.70
21.70
21.60
21.60
21.60
21.40
21.20
21.80
21.60
21.80
21.90
21.90
21.90
21.80
191.80
160.10
22.20
22.20
21.90
22.20
21.80
21.90
21.60
21.70
21.60
21.60
21.90
21.80
21.70
21.40
21.60
21.50
21.70
21.60
182.30
159.70
22.30
22.20
22.00
21.80
21.80
21.60
21.80
21.70
21.80
21.50
21.40
21.40
21.50
21.50
21.40
21.40
21.50
41.10
194.40
178.10
39.80
39.70
39.70
39.60
39.60
39.30
39.40
39.60
39.30
39.10
39.40
39.10
39.70
39.30
39.50
39.70
39.60
39.40
189.90
178.70
40.40
40.20
40.10
40.10
39.80
39.70
39.40
39.40
39.50
39.50
39.40
39.60
39.60
39.50
39.60
39.30
39.30
39.70
186.50
178.60
40.00
39.80
39.50
39.80
39.60
39.60
39.70
39.50
39.50
39.40
39.70
39.40
39.40
39.50
39.40
39.70
39.70
39.50
184.10
178.30
40.20
39.90
39.80
39.50
39.80
39.60
39.80
39.60
39.50
39.40
39.20
39.40
39.20
39.40
39.20
39.40
39.40
1.40
1.20
1.20
1.20
1.30
1.40
1.10
1.00
1.30
1.10
1.30
1.20
1.20
1.40
1.10
1.20
1.30
1.20
1.30
1.10
1.40
1.20
1.10
1.40
1.40
1.10
1.20
1.20
1.10
1.00
1.30
1.10
1.40
1.30
1.30
1.10
1.30
1.20
1.40
1.20
1.40
1.20
1.30
1.20
1.20
1.40
1.50
1.20
1.00
1.40
1.10
1.20
1.20
1.20
1.20
1.00
1.40
1.30
1.20
1.10
1.30
1.30
1.40
1.40
1.10
1.30
1.40
1.10
1.10
1.20
1.10
1.30
1.00
1.20
1.50
1.00
1.20
1.30
1.20
1.30
1.30
1.20
1.20
1.20
1.20
1.10
1.30
1.10
1.20
1.10
1.40
1.10
1.20
1.10
1.00
1.20
1.30
1.30
1.40
1.10
1.20
1.40
1.20
1.20
1.30
1.30
1.20
1.40
1.30
1.30
1.40
1.20
1.40
1.20
1.30
1.10
1.20
1.40
1.40
1.20
1.20
1.10
1.30
1.20
1.20
1.30
1.20
1.00
1.20
1.30
1.00
1.40
1.40
1.30
1.30
1.30
1.30
1.10
1.30
1.20
1.10
1.10
1.10
1.20
1.00
1.20
1.30
1.10
1.60
1.30
1.00
1.10
1.30
1.20
1.20
1.30
1.40
1.30
0.90
1.10
1.30
1.40
1.20
1.40
1.00
1.30
1.30
1.10
1.10
1.20
1.30
1.40
1.30
1.10
1.30
1.40
1.00
1.40
1.10
1.10
1.20
1.10
1.00
1.40
1.40
1.10
1.10
1.20
1.40
1.20
1.50
1.40
1.00
1.20
1.40
1.30
1.30
1.30
1.10
1.50
1.40
1.20
1.50
1.30
1.40
1.40
1.50
1.20
1.20
1.20
1.20
1.40
1.30
1.00
1.10
1.10
1.30
1.10
1.10
1.30
1.30
1.30
1.00
1.00
1.30
1.10
1.30
1.30
1.40
1.10
0.90
1.20
1.50
1.20
1.10
1.20
1.20
1.20
1.30
1.30
1.20
1.30
1.10
1.10
1.20
1.10
1.20
1.30
1.40
1.30
1.10
1.40
1.30
1.10
1.20
1.30
1.20
1.20
1.20
1.20
1.30
1.50
1.10
1.20
1.10
1.30
1.30
1.30
1.30
1.20
1.10
1.20
1.30
1.60
1.00
1.30
1.30
28.00
21.70
20.70
20.50
19.70
19.30
18.90
18.80
19.60
18.60
18.80
18.70
18.60
18.70
18.40
18.60
18.70
18.70
18.70
18.80
18.50
18.50
18.50
19.10
19.00
18.70
18.80
18.60
18.60
18.80
18.60
19.20
18.80
18.60
18.90
18.50
18.40
18.60
18.70
18.60
18.70
18.80
18.90
19.00
18.70
18.90
18.90
19.00
19.00
18.90
18.90
18.80
19.00
18.60
19.10
18.60
18.70
19.00
18.80
18.50
18.70
18.60
19.10
18.50
19.00
18.70
18.90
18.80
18.70
18.60
19.20
19.00
18.90
18.80
18.80
18.70
18.70
18.30
214.60
160.60
22.60
22.30
22.20
21.70
21.90
21.70
21.50
21.60
21.60
21.60
21.40
21.60
21.40
21.80
21.80
21.80
21.70
21.80
199.70
160.10
22.20
22.20
22.10
22.20
21.90
21.60
21.70
21.80
21.70
21.70
21.80
21.60
21.50
21.80
21.80
21.40
21.80
21.50
187.70
159.80
22.20
22.10
22.00
21.70
21.80
21.50
21.60
21.60
21.40
21.10
21.40
21.60
21.30
21.50
21.40
21.70
21.40
21.30
178.90
160.00
22.00
21.90
22.00
21.80
21.70
21.40
21.60
21.70
21.60
21.60
21.70
21.40
21.50
21.50
21.50
21.60
21.40
21.50
173.60
159.90
22.10
22.00
21.90
21.90
21.70
21.70
21.60
21.50
21.60
21.60
21.80
21.60
21.60
21.50
21.70
21.50
21.60
21.40
169.30
159.80
22.10
22.00
21.70
21.90
21.70
22.20
22.00
22.00
21.80
21.60
21.90
21.70
21.80
21.60
21.60
21.50
21.50
21.60
166.20
159.90
22.10
22.00
22.00
21.70
21.70
21.90
21.50
21.50
21.40
21.70
21.30
21.50
21.80
21.20
21.80
21.40
21.60
41.40
164.70
22.60
22.20
22.20
22.20
22.30
21.70
22.00
21.90
21.60
21.70
21.80
21.50
21.60
21.50
21.50
21.70
21.50
21.60
390.70
162.90
22.30
22.10
22.00
21.80
21.90
21.70
21.70
21.60
21.80
21.70
21.40
21.30
21.60
21.40
21.40
21.60
21.40
21.50
315.30
161.90
22.00
22.30
22.40
22.00
21.90
22.10
22.00
21.80
21.90
21.50
21.60
21.70
21.70
21.40
21.60
21.60
21.50
21.60
268.10
161.00
22.20
22.20
21.90
21.90
21.80
21.80
21.90
21.60
21.40
21.80
21.70
21.50
21.60
21.50
21.60
21.50
21.70
21.60
235.30
160.90
21.80
22.00
22.40
22.20
22.00
21.80
21.60
21.90
21.80
21.70
21.50
21.40
21.70
21.60
21.70
21.60
21.70
21.60
212.80
160.50
22.20
22.10
22.00
21.80
21.90
21.80
21.70
21.50
21.70
21.50
21.50
21.40
21.70
21.60
21.60
21.60
21.80
21.40
196.40
160.50
22.30
22.00
21.90
21.90
21.70
21.70
21.70
22.00
21.70
22.00
21.70
21.90
21.70
21.60
22.10
21.90
21.90
21.90
204.80
178.70
40.10
40.30
40.10
39.80
39.50
39.40
39.60
39.50
39.60
39.70
39.70
39.60
39.60
39.50
39.60
39.40
39.30
39.60
196.40
178.70
40.00
40.20
40.00
39.70
39.70
39.60
39.40
39.60
39.50
39.30
39.30
39.40
39.60
39.80
39.50
39.50
39.30
39.30
191.60
178.80
39.70
39.80
39.90
39.70
39.60
39.60
39.40
39.60
39.80
39.50
39.70
39.40
39.70
39.50
39.80
39.60
39.50
39.70
187.90
178.70
40.20
40.10
39.80
39.70
39.80
39.60
39.30
39.70
39.80
39.50
39.60
39.20
39.40
39.60
39.30
39.50
39.50
1.30
1.30
1.20
1.20
1.20
1.30
1.50
1.20
1.20
1.10
1.30
1.30
1.20
1.20
1.30
1.20
1.10
1.30
1.30
1.40
1.30
1.30
1.30
1.00
1.30
0.80
0.90
1.40
1.30
1.30
1.10
1.10
1.10
1.20
1.40
1.20
1.40
1.50
1.40
1.40
1.10
1.30
1.30
1.00
1.10
1.10
1.40
1.40
1.20
1.30
1.30
1.30
1.00
1.30
1.20
1.30
1.50
1.20
1.40
1.20
1.00
1.10
1.00
1.40
1.50
1.30
1.00
1.40
1.50
1.00
1.10
1.10
1.30
1.20
1.50
1.30
1.20
1.30
1.10
1.20
1.30
1.20
1.40
1.20
1.20
1.30
1.30
1.30
1.10
1.10
1.30
1.10
1.20
1.30
1.20
1.20
1.20
1.20
1.50
1.10
1.20
1.30
1.40
1.20
1.30
1.30
1.20
1.10
1.30
1.40
1.00
1.40
1.20
1.20
1.00
1.50
1.00
1.10
1.60
1.30
1.30
1.30
1.00
1.30
1.20
1.20
1.40
1.20
1.20
1.20
1.20
1.10
1.40
1.30
1.10
1.40
1.10
1.30
1.30
1.30
1.30
1.20
1.10
1.20
1.10
1.20
1.40
1.00
1.30
1.00
1.30
1.20
1.40
1.10
1.20
1.10
1.20
1.20
1.30
1.10
1.10
1.20
1.20
1.20
1.60
1.20
1.10
1.40
1.20
1.30
1.20
1.30
1.10
1.20
1.20
1.50
1.30
1.40
1.20
1.40
1.30
1.20
1.10
1.50
1.30
1.40
1.20
1.40
1.10
1.30
1.20
1.10
1.50
1.20
1.30
1.30
1.10
1.30
1.20
1.30
1.00
1.20
1.20
1.20
1.20
1.10
1.10
1.10
1.50
1.20
1.30
1.10
1.20
1.10
1.10
1.40
1.00
1.20
1.20
1.30
1.10
1.10
1.10
1.30
1.30
1.40
1.00
1.10
1.20
1.30
1.30
1.30
1.10
1.30
1.30
1.10
1.20
1.10
1.10
1.30
1.40
1.30
1.20
1.40
0.90
1.20
1.10
1.40
1.30
1.20
1.20
1.50
1.20
1.10
1.30
1.30
1.20
1.40
1.10
1.10
1.40
1.20
1.10
1.20
1.20
1.20
1.00
1.10
1.10
1.30
1.20
1.20
1.30
1.30
1.40
1.10
1.10
21.90
21.40
20.50
20.20
19.40
18.90
18.90
18.90
18.90
18.90
18.90
19.10
18.70
18.60
18.70
19.00
18.90
18.80
18.80
18.70
18.60
18.30
18.70
18.80
18.80
18.70
18.90
19.00
18.50
18.40
18.60
19.00
18.70
18.60
18.90
18.70
18.70
18.60
18.70
19.10
18.90
18.70
19.10
18.70
18.60
18.70
18.80
19.00
19.10
19.10
19.00
18.90
18.80
18.70
19.40
19.00
19.10
18.90
18.70
18.80
18.80
18.70
19.10
19.10
18.90
19.30
18.90
18.80
18.70
18.80
18.90
18.90
19.00
19.10
18.90
18.80
18.50
19.90
165.90
160.50
22.40
22.50
22.20
21.90
22.10
22.00
21.90
21.90
21.80
21.60
21.60
21.80
21.60
21.40
21.50
21.60
21.70
445.70
163.80
22.40
22.10
22.10
22.00
21.80
21.70
21.70
21.70
21.60
21.80
21.70
21.80
21.70
21.70
21.60
21.60
21.50
21.40
352.40
162.40
22.20
22.20
22.00
21.80
21.50
21.80
21.60
21.60
21.80
21.40
21.50
21.60
21.50
21.80
21.50
21.30
21.50
21.50
290.60
162.10
22.30
22.20
22.30
22.00
22.10
21.90
22.20
21.80
21.60
21.40
21.80
21.60
21.60
22.00
21.80
21.80
21.50
21.60
251.60
161.70
22.30
22.00
22.20
22.10
21.90
21.70
21.60
21.70
21.90
21.50
21.60
21.60
21.70
21.50
21.80
21.70
21.70
21.60
222.80
160.90
22.10
21.70
22.10
21.70
22.10
21.70
21.50
21.80
21.60
21.70
21.60
21.20
21.40
21.40
21.40
21.80
21.70
21.70
203.60
160.80
22.30
22.30
22.30
22.20
22.30
21.80
21.70
21.60
21.70
21.70
21.60
21.80
21.60
21.50
21.70
21.50
21.50
21.80
189.90
160.40
22.40
22.10
22.10
21.90
21.90
21.90
21.70
21.80
21.60
21.60
21.70
21.60
21.50
21.50
21.80
21.40
21.30
21.50
181.30
160.00
22.00
22.10
21.80
22.00
21.80
21.90
21.60
21.50
21.60
21.60
21.40
21.50
21.60
22.20
21.80
21.70
21.70
21.60
175.30
160.50
22.20
22.20
22.20
22.10
21.80
21.90
21.90
21.90
21.80
21.70
21.80
21.60
21.80
21.80
21.60
21.40
21.40
21.60
170.70
160.10
22.30
22.10
22.30
22.10
21.80
22.00
21.70
21.90
21.60
21.70
21.80
21.70
21.70
21.50
21.70
21.80
21.60
21.50
167.60
160.10
22.20
22.00
22.00
21.80
21.60
21.70
21.70
21.60
21.80
22.00
21.60
21.60
21.90
21.90
21.60
21.60
21.70
21.60
165.50
160.40
22.40
22.50
22.30
22.20
21.70
21.80
21.70
21.80
21.50
21.70
21.70
21.70
21.90
21.50
21.90
21.60
21.60
418.50
163.80
22.20
22.00
22.30
22.10
21.90
21.70
21.70
21.60
21.70
21.80
21.70
21.80
21.50
21.70
21.40
21.70
21.60
21.60
355.00
181.20
40.20
40.20
40.30
39.70
40.00
39.80
39.50
39.70
39.20
39.60
39.60
39.50
39.50
39.50
39.60
39.50
39.50
39.60
300.70
180.50
40.10
40.00
39.90
39.90
39.80
39.60
39.90
39.70
39.50
39.50
39.40
39.50
39.70
39.70
39.40
39.40
39.60
39.30
263.50
179.90
40.20
40.30
40.10
39.80
39.90
40.00
39.70
39.60
39.50
39.60
39.60
39.40
39.30
39.50
39.70
39.60
39.30
39.50
238.80
179.30
39.90
40.00
40.40
40.00
39.60
39.80
40.00
39.70
39.70
39.60
39.50
39.70
39.60
39.70
39.60
39.80
39.80
1.10
1.20
1.10
1.30
1.20
1.30
1.30
1.10
1.10
1.10
1.20
1.20
1.20
1.20
1.30
1.00
1.40
1.10
1.40
1.00
1.30
1.20
1.50
1.40
1.10
1.40
1.30
1.20
1.40
1.30
1.10
1.30
1.30
0.90
1.20
1.10
1.20
1.00
1.10
1.30
1.20
1.20
1.00
1.20
1.20
1.20
1.30
1.20
1.20
1.20
1.00
1.10
1.30
1.40
1.20
1.30
1.20
1.30
1.20
1.20
1.10
1.40
1.20
1.30
1.20
1.30
1.50
1.20
1.50
1.10
1.10
1.40
1.10
1.20
1.20
1.30
1.10
1.30
1.20
1.20
1.20
1.40
1.00
1.50
1.40
1.20
1.20
1.10
1.30
1.30
1.10
1.20
1.40
1.10
1.20
1.40
1.30
1.40
1.20
1.20
1.40
1.30
1.10
1.20
1.40
1.20
1.20
1.30
1.30
1.20
1.40
1.20
1.00
1.30
1.40
1.10
1.20
1.10
1.30
1.20
1.30
1.20
1.30
1.10
1.40
1.00
1.10
1.10
1.20
1.30
1.20
1.00
1.20
1.20
1.20
1.30
1.30
1.30
1.30
1.40
1.10
1.30
1.40
1.10
1.30
1.30
1.00
1.00
1.20
1.30
1.20
1.40
1.20
1.20
1.20
1.20
1.40
1.20
1.20
1.30
1.30
1.10
1.10
1.10
1.10
1.20
1.20
1.40
1.00
1.40
1.20
1.20
1.20
1.30
1.20
1.10
1.20
1.30
1.30
1.20
1.20
1.00
1.20
1.10
1.30
1.20
1.30
1.30
1.20
1.40
1.20
1.10
1.20
1.00
1.10
1.20
1.50
1.20
1.20
1.10
1.10
1.00
1.30
1.20
1.40
1.50
1.40
1.20
1.50
1.10
1.20
1.30
1.30
1.30
1.10
1.20
1.00
1.30
1.00
1.30
1.10
1.10
1.10
1.20
1.10
1.10
1.30
1.00
1.30
1.30
1.30
1.30
1.40
1.40
1.10
1.20
1.10
1.10
1.10
1.30
1.40
1.30
1.60
1.40
1.10
1.10
1.20
1.50
1.20
0.90
1.30
1.10
1.20
1.10
1.30
1.30
1.00
1.20
1.00
1.30
1.40
1.30
1.10
1.40
1.30
1.30
1.10
1.10
1.20
1.20
1.30
1.20
1.20
1.20
1.10
1.30
1.40
1.30
28.00
22.30
21.10
20.10
19.40
19.30
19.30
19.00
18.80
19.20
18.60
18.60
18.80
19.00
18.80
18.80
18.80
18.60
18.80
18.50
18.80
18.80
18.70
18.40
18.70
18.70
18.70
19.00
18.80
18.90
18.60
18.70
18.40
18.90
19.00
18.70
19.10
18.30
18.60
18.40
19.10
18.70
19.00
19.20
18.90
18.90
18.70
19.30
19.30
19.20
19.20
18.90
18.80
18.90
19.10
19.10
19.20
19.20
19.00
18.80
18.80
19.40
19.10
18.80
19.20
19.10
18.80
18.90
19.30
19.10
19.10
19.10
18.90
18.80
18.50
19.10
19.40
26.40
181.80
160.50
22.50
22.40
22.00
21.80
22.00
21.80
21.60
21.80
21.70
21.50
21.70
21.50
21.40
21.50
21.50
21.50
21.70
21.70
175.90
159.70
22.30
22.20
22.20
22.20
21.90
21.80
21.70
21.60
21.50
21.80
21.70
21.80
21.80
21.70
21.70
21.80
21.60
21.70
171.40
160.20
22.20
22.00
22.20
21.80
21.80
21.50
21.70
21.60
21.60
21.50
21.50
21.70
21.70
21.40
21.60
21.40
21.40
21.10
168.00
160.10
22.10
22.00
22.00
21.80
21.70
21.70
21.50
21.60
21.70
21.60
21.70
22.00
21.90
21.90
21.90
21.80
21.70
21.90
165.60
159.90
22.50
22.20
22.30
22.00
22.00
21.70
21.60
21.80
21.70
21.60
21.90
21.70
21.60
21.60
21.60
21.70
21.60
422.40
163.80
22.40
22.20
21.90
22.10
22.20
21.80
21.70
21.70
21.70
21.60
21.60
21.50
21.80
21.60
21.60
21.70
21.50
21.50
335.80
162.60
22.10
22.20
22.00
22.00
21.70
21.80
21.70
21.80
21.80
21.70
21.70
21.90
21.70
21.80
22.00
21.70
21.90
21.60
278.70
162.00
22.30
22.20
22.10
22.00
21.90
21.80
21.90
21.80
21.50
21.70
21.50
21.70
21.60
21.60
21.60
21.60
21.70
21.80
241.40
161.30
22.40
22.20
22.10
22.10
22.00
22.00
21.80
21.80
21.90
21.90
21.50
21.50
22.10
21.90
22.20
21.60
21.80
21.60
216.30
161.10
22.50
22.30
22.30
22.20
21.60
21.90
21.80
21.80
21.50
21.70
21.90
21.50
21.60
21.50
21.50
21.60
21.50
21.60
199.20
160.80
22.20
22.30
22.00
21.90
21.70
21.90
21.80
21.40
21.50
21.60
21.60
21.60
21.70
22.00
21.90
21.70
21.80
21.90
187.60
160.80
22.30
22.40
22.30
22.10
22.10
21.80
22.00
21.90
21.80
21.80
21.70
21.50
21.60
21.70
21.70
21.60
21.70
21.70
179.00
160.80
22.10
22.10
22.20
22.00
21.90
21.80
21.70
21.90
21.80
21.90
21.60
21.50
21.60
21.50
21.50
21.80
21.70
21.80
173.80
160.50
22.20
22.20
22.00
21.80
21.70
21.80
21.50
21.70
21.90
21.80
21.80
21.90
21.90
21.70
21.90
21.60
21.60
39.50
188.50
179.20
40.10
40.00
40.30
39.50
39.90
39.60
39.70
39.70
39.70
39.60
39.50
39.60
39.50
39.60
39.50
39.60
39.50
39.30
185.60
179.00
40.20
39.80
39.90
40.00
39.60
39.70
39.80
39.80
39.80
39.40
39.70
39.40
39.80
39.60
39.50
39.90
39.60
508.80
184.00
40.60
40.40
39.90
40.00
39.80
39.90
39.80
39.60
39.40
39.70
39.40
39.50
39.40
39.50
39.70
39.50
39.60
39.40
404.80
182.60
40.10
40.00
40.20
39.90
40.10
40.00
40.10
39.50
39.70
39.40
39.80
39.50
39.60
39.40
39.70
39.60
39.60
39.60
1.30
1.20
1.30
1.20
1.30
1.20
1.20
1.30
1.20
1.10
1.50
1.40
1.00
1.30
1.20
1.40
1.00
1.40
1.20
1.00
1.20
1.10
1.20
1.10
1.30
1.30
1.20
1.00
1.20
1.30
1.30
1.40
1.40
1.30
1.40
1.30
1.30
1.10
1.40
1.10
1.30
1.20
1.40
1.10
1.20
1.30
1.20
1.00
1.30
1.20
1.30
1.00
1.40
1.20
1.20
1.20
1.10
1.20
1.20
1.20
1.40
1.40
1.40
0.90
1.50
1.40
1.20
1.40
1.10
1.00
1.10
1.30
1.00
1.40
1.40
1.20
1.20
1.00
1.20
1.20
1.20
1.20
1.50
1.10
1.00
1.40
1.30
1.10
1.20
1.40
1.20
1.20
1.40
1.30
1.00
1.40
1.40
1.10
1.50
1.50
1.20
1.30
1.30
1.10
1.30
1.40
1.30
1.30
1.60
1.20
1.30
1.20
1.20
1.30
1.20
1.30
1.30
1.30
1.00
1.10
1.20
1.20
1.30
1.10
1.30
1.30
1.30
1.10
1.20
1.30
1.10
1.20
1.10
1.10
1.30
1.20
1.40
1.30
1.00
1.30
1.40
1.00
1.30
1.20
1.30
1.30
1.30
1.20
1.30
1.30
1.50
0.90
1.40
1.10
1.10
1.30
1.50
1.20
1.30
1.00
1.20
1.30
1.20
1.00
1.50
1.20
1.30
1.30
1.20
1.40
1.10
1.20
1.30
1.20
1.20
1.40
1.40
1.50
1.40
1.20
1.00
1.20
1.30
1.40
1.10
1.30
1.20
1.00
1.10
1.30
1.30
1.30
1.20
1.30
1.40
1.30
1.40
1.10
1.10
1.40
1.20
1.20
1.20
1.30
1.30
1.20
1.00
1.10
1.40
1.40
1.30
1.30
1.20
1.50
1.30
1.40
1.30
1.20
1.10
1.00
1.10
1.30
1.30
1.30
1.30
1.30
1.00
1.20
1.20
1.20
1.20
1.10
1.30
1.20
1.40
1.40
1.30
1.20
1.20
1.30
1.30
1.20
1.20
1.30
1.50
1.00
1.20
1.30
1.20
1.20
1.20
1.10
1.10
1.20
1.30
1.30
1.20
1.10
1.30
1.20
1.40
1.20
1.10
1.30
1.40
1.40
1.10
1.30
0.90
1.30
1.30
1.20
1.20
1.20
1.20
1.20
28.00
21.20
20.90
20.10
20.10
19.10
19.00
18.90
18.70
18.50
18.60
18.80
19.00
19.00
18.90
18.80
18.60
18.70
18.60
19.30
18.80
18.90
19.00
18.60
18.50
18.70
18.80
19.00
18.70
18.70
18.80
18.40
18.70
18.50
19.00
18.70
18.70
19.00
19.00
18.90
18.80
18.80
19.30
19.20
19.00
19.10
18.90
19.00
18.90
19.00
18.90
18.70
19.10
19.20
18.70
18.80
18.70
19.10
19.00
19.00
19.10
19.00
18.60
18.60
18.80
19.40
19.10
19.10
19.10
18.80
18.70
18.70
19.00
19.00
19.00
19.00
19.00
25.90
200.80
161.20
22.40
22.40
22.10
21.90
21.90
21.80
21.30
21.80
21.60
21.50
21.70
21.90
21.70
22.00
21.80
22.00
21.80
22.00
189.90
161.10
22.40
22.40
22.50
22.00
21.90
21.80
21.60
21.80
21.60
21.60
21.80
21.90
21.60
21.60
21.80
21.60
21.70
21.70
181.00
160.50
22.50
22.00
22.10
21.80
21.90
21.80
21.60
21.70
21.70
21.70
21.60
21.70
21.70
21.60
21.60
21.50
21.60
21.70
175.50
160.50
22.20
21.90
21.80
22.00
21.90
21.70
21.70
21.70
21.90
22.00
22.00
21.70
21.70
21.90
22.10
21.90
21.60
21.90
171.20
160.80
22.30
22.50
22.10
22.00
22.10
21.80
21.70
22.00
21.60
21.70
21.80
21.70
21.80
21.60
21.80
21.80
22.00
21.60
167.90
160.70
22.40
22.10
21.90
21.70
21.90
21.80
21.60
21.60
21.60
21.80
21.50
21.60
21.60
21.50
21.70
21.40
21.80
21.40
165.70
160.40
22.10
22.30
21.90
22.00
21.60
21.70
21.70
21.60
21.40
21.60
21.90
21.90
22.00
21.90
21.90
21.90
21.90
412.20
164.40
22.50
22.10
22.30
22.10
22.20
22.00
22.00
22.10
21.80
21.80
21.70
21.80
21.70
21.80
21.70
21.60
21.90
21.60
329.50
163.10
22.30
22.60
22.10
22.10
22.00
22.00
21.80
21.70
21.80
21.60
21.60
21.60
21.50
22.00
21.60
21.80
21.60
21.70
277.70
162.20
22.30
22.00
22.30
21.80
22.00
21.80
21.70
21.50
21.80
21.60
21.50
21.90
21.90
21.90
22.00
21.80
21.60
22.10
241.50
162.20
22.40
22.50
22.40
22.20
22.20
22.00
22.00
22.00
21.60
21.70
22.00
21.80
21.80
21.80
21.60
21.80
21.50
21.80
217.30
161.60
22.30
22.20
22.30
22.10
21.70
21.70
21.90
21.70
21.90